    Year (Census)
    Proportion of populations extant, SE
    Proportion of populations going extinct for the first time in year, SE
    Deterministic growth, Stochastic growth, SE, SD
    Mean population size (across extant populations), SE, SD
    Mean population size (across all populations), SE, SD
    Population-based model: No genetic data (12 skipped fields)



    Mean time to extinction, SE, SD
    Median time to extinction
    GSVars(3): Mean, SE, SD
Year;PExtant;SE(PExtant);PExtinct;SE(PExtinct);r-det;r-stoch;SE(r);SD(r);Nextant;SE(Nextant);SD(Nextant);Nall;SE(Nall);SD(Nall);Het;SE(Het);SD(Het);Inbr;SE(Inbr);SD(Inbr);Nalleles;SE(Nalleles);SD(Nalleles);Nlethals;SE(Nlethals);SD(Nlethals);TE;SE(TE);SD(TE);medTE;NRANDx;SE(NRANDx);SD(NRANDx);immigBord;SE(immigBord);SD(immigBord);immigSC;SE(immigSC);SD(immigSC)
Control_11Tech
Population 1: Border
0; 1.0000; 0.0000; 0.0000; 0.0000; 0.2668;      0;      0;      0; 632.00; 0.00; 0.00; 632.00; 0.00; 0.00; 0.0000; 0.0000; 0.0000; 1.0000; 0.0000; 0.0000; 0.00; 0.00; 0.00; 0.00; 0.00; 0.00; 0.00; 0.00; 0.00; 0; 0.0002; 0.0001; 0.9933; 14.6004; 0.0006; 6.3100; 2.4934; 0.0001; 1.1105
1; 1.0000; 0.0000; 0.0000; 0.0000; 0.2668; 0.1042; 0.0058; 0.5843; 806.94; 3.73; 373.11; 806.94; 0.04; 373.11; 0.0000; 0.0000; 0.0000; 1.0000; 0.0000; 0.0000; 0.00; 0.00; 0.00; 0.00; 0.00; 0.00; 0.00; 0.00; 0.00; 0; 0.0005; 0.0001; 0.9861; 14.6018; 0.0006; 6.3060; 2.4987; 0.0001; 1.1208
2; 1.0000; 0.0000; 0.0000; 0.0000; 0.2668; -0.0065; 0.0062; 0.6174; 933.67; 6.64; 664.41; 933.67; 0.07; 664.41; 0.0000; 0.0000; 0.0000; 1.0000; 0.0000; 0.0000; 0.00; 0.00; 0.00; 0.00; 0.00; 0.00; 0.00; 0.00; 0.00; 0; 0.0128; 0.0001; 1.0030; 14.5587; 0.0006; 6.3692; 2.5041; 0.0001; 1.1185
3; 1.0000; 0.0000; 0.0000; 0.0000; 0.2668; -0.0139; 0.0063; 0.6255; 1069.32; 10.03; 1003.35; 1069.32; 0.10; 1003.35; 0.0000; 0.0000; 0.0000; 1.0000; 0.0000; 0.0000; 0.00; 0.00; 0.00; 0.00; 0.00; 0.00; 0.00; 0.00; 0.00; 0; 0.0045; 0.0001; 0.9892; 14.5424; 0.0006; 6.3344; 2.4914; 0.0001; 1.1179
4; 1.0000; 0.0000; 0.0000; 0.0000; 0.2668; -0.0080; 0.0063; 0.6269; 1222.21; 14.06; 1406.05; 1222.21; 0.14; 1406.05; 0.0000; 0.0000; 0.0000; 1.0000; 0.0000; 0.0000; 0.00; 0.00; 0.00; 0.00; 0.00; 0.00; 0.00; 0.00; 0.00; 0; 0.0007; 0.0001; 1.0025; 14.4960; 0.0006; 6.3268; 2.5045; 0.0001; 1.1165
5; 1.0000; 0.0000; 0.0000; 0.0000; 0.2668; -0.0767; 0.0065; 0.6465; 1326.61; 18.55; 1855.34; 1326.61; 0.19; 1855.34; 0.0000; 0.0000; 0.0000; 1.0000; 0.0000; 0.0000; 0.00; 0.00; 0.00; 0.00; 0.00; 0.00; 0.00; 0.00; 0.00; 0; -0.0133; 0.0001; 1.0040; 14.5130; 0.0006; 6.3360; 2.4782; 0.0001; 1.1170
6; 1.0000; 0.0000; 0.0000; 0.0000; 0.2668; -0.0733; 0.0065; 0.6460; 1410.85; 23.35; 2335.18; 1410.85; 0.23; 2335.18; 0.0000; 0.0000; 0.0000; 1.0000; 0.0000; 0.0000; 0.00; 0.00; 0.00; 0.00; 0.00; 0.00; 0.00; 0.00; 0.00; 0; 0.0087; 0.0001; 0.9922; 14.3985; 0.0006; 6.3375; 2.5013; 0.0001; 1.1169
7; 1.0000; 0.0000; 0.0000; 0.0000; 0.2668; -0.0624; 0.0064; 0.6405; 1501.71; 29.36; 2935.73; 1501.71; 0.29; 2935.73; 0.0000; 0.0000; 0.0000; 1.0000; 0.0000; 0.0000; 0.00; 0.00; 0.00; 0.00; 0.00; 0.00; 0.00; 0.00; 0.00; 0; 0.0003; 0.0001; 0.9984; 14.4328; 0.0006; 6.3533; 2.4929; 0.0001; 1.1149
8; 1.0000; 0.0000; 0.0000; 0.0000; 0.2668; -0.0449; 0.0063; 0.6338; 1630.61; 37.08; 3708.22; 1630.61; 0.37; 3708.22; 0.0000; 0.0000; 0.0000; 1.0000; 0.0000; 0.0000; 0.00; 0.00; 0.00; 0.00; 0.00; 0.00; 0.00; 0.00; 0.00; 0; -0.0077; 0.0001; 1.0012; 14.4641; 0.0006; 6.3733; 2.4997; 0.0001; 1.1237
9; 1.0000; 0.0000; 0.0000; 0.0000; 0.2668; -0.0550; 0.0063; 0.6346; 1739.81; 43.02; 4301.74; 1739.81; 0.43; 4301.74; 0.0000; 0.0000; 0.0000; 1.0000; 0.0000; 0.0000; 0.00; 0.00; 0.00; 0.00; 0.00; 0.00; 0.00; 0.00; 0.00; 0; 0.0044; 0.0001; 1.0143; 14.5137; 0.0006; 6.3831; 2.4913; 0.0001; 1.1271
10; 1.0000; 0.0000; 0.0000; 0.0000; 0.2668; -0.0409; 0.0063; 0.6329; 1858.34; 54.72; 5471.81; 1858.34; 0.55; 5471.81; 0.0000; 0.0000; 0.0000; 1.0000; 0.0000; 0.0000; 0.00; 0.00; 0.00; 0.00; 0.00; 0.00; 0.00; 0.00; 0.00; 0; -0.0028; 0.0001; 1.0104; 14.5907; 0.0006; 6.3448; 2.4940; 0.0001; 1.1200
11; 1.0000; 0.0000; 0.0000; 0.0000; 0.2668; -0.0518; 0.0064; 0.6365; 2014.47; 64.43; 6443.42; 2014.47; 0.64; 6443.42; 0.0000; 0.0000; 0.0000; 1.0000; 0.0000; 0.0000; 0.00; 0.00; 0.00; 0.00; 0.00; 0.00; 0.00; 0.00; 0.00; 0; 0.0025; 0.0001; 1.0021; 14.5864; 0.0006; 6.3597; 2.4838; 0.0001; 1.1113
12; 1.0000; 0.0000; 0.0000; 0.0000; 0.2668; -0.0359; 0.0063; 0.6290; 2171.87; 80.11; 8011.14; 2171.87; 0.80; 8011.14; 0.0000; 0.0000; 0.0000; 1.0000; 0.0000; 0.0000; 0.00; 0.00; 0.00; 0.00; 0.00; 0.00; 0.00; 0.00; 0.00; 0; -0.0102; 0.0001; 1.0162; 14.5350; 0.0006; 6.3367; 2.5111; 0.0001; 1.1183
13; 1.0000; 0.0000; 0.0000; 0.0000; 0.2668; -0.0325; 0.0062; 0.6246; 2322.25; 100.26; 10025.80; 2322.25; 1.00; 10025.80; 0.0000; 0.0000; 0.0000; 1.0000; 0.0000; 0.0000; 0.00; 0.00; 0.00; 0.00; 0.00; 0.00; 0.00; 0.00; 0.00; 0; -0.0046; 0.0001; 0.9949; 14.5331; 0.0006; 6.3317; 2.4898; 0.0001; 1.1172
14; 1.0000; 0.0000; 0.0000; 0.0000; 0.2668; -0.0298; 0.0063; 0.6262; 2445.06; 117.43; 11742.72; 2445.06; 1.17; 11742.72; 0.0000; 0.0000; 0.0000; 1.0000; 0.0000; 0.0000; 0.00; 0.00; 0.00; 0.00; 0.00; 0.00; 0.00; 0.00; 0.00; 0; -0.0097; 0.0001; 1.0078; 14.4260; 0.0006; 6.3585; 2.5077; 0.0001; 1.1224
15; 1.0000; 0.0000; 0.0000; 0.0000; 0.2668; -0.0306; 0.0063; 0.6266; 2586.05; 135.70; 13570.31; 2586.05; 1.36; 13570.31; 0.0000; 0.0000; 0.0000; 1.0000; 0.0000; 0.0000; 0.00; 0.00; 0.00; 0.00; 0.00; 0.00; 0.00; 0.00; 0.00; 0; -0.0192; 0.0001; 0.9955; 14.4422; 0.0006; 6.3514; 2.4769; 0.0001; 1.1212
16; 1.0000; 0.0000; 0.0000; 0.0000; 0.2668; -0.0205; 0.0062; 0.6168; 2715.40; 153.46; 15345.50; 2715.40; 1.53; 15345.50; 0.0000; 0.0000; 0.0000; 1.0000; 0.0000; 0.0000; 0.00; 0.00; 0.00; 0.00; 0.00; 0.00; 0.00; 0.00; 0.00; 0; -0.0103; 0.0001; 1.0048; 14.4629; 0.0006; 6.3214; 2.4750; 0.0001; 1.1187
17; 1.0000; 0.0000; 0.0000; 0.0000; 0.2668; -0.0211; 0.0062; 0.6230; 2943.29; 181.42; 18142.49; 2943.29; 1.81; 18142.49; 0.0000; 0.0000; 0.0000; 1.0000; 0.0000; 0.0000; 0.00; 0.00; 0.00; 0.00; 0.00; 0.00; 0.00; 0.00; 0.00; 0; -0.0167; 0.0001; 1.0012; 14.5478; 0.0006; 6.2956; 2.5130; 0.0001; 1.1085
18; 1.0000; 0.0000; 0.0000; 0.0000; 0.2668; -0.0153; 0.0062; 0.6216; 3150.45; 197.51; 19751.23; 3150.45; 1.98; 19751.23; 0.0000; 0.0000; 0.0000; 1.0000; 0.0000; 0.0000; 0.00; 0.00; 0.00; 0.00; 0.00; 0.00; 0.00; 0.00; 0.00; 0; 0.0176; 0.0001; 0.9989; 14.5597; 0.0006; 6.3694; 2.4892; 0.0001; 1.1171
19; 1.0000; 0.0000; 0.0000; 0.0000; 0.2668; -0.0362; 0.0062; 0.6233; 3272.64; 210.24; 21024.29; 3272.64; 2.10; 21024.29; 0.0000; 0.0000; 0.0000; 1.0000; 0.0000; 0.0000; 0.00; 0.00; 0.00; 0.00; 0.00; 0.00; 0.00; 0.00; 0.00; 0; -0.0042; 0.0001; 1.0006; 14.4429; 0.0006; 6.3352; 2.4980; 0.0001; 1.1244
20; 1.0000; 0.0000; 0.0000; 0.0000; 0.2668; -0.1658; 0.0067; 0.6670; 2851.38; 183.60; 18360.06; 2851.38; 1.84; 18360.06; 0.0000; 0.0000; 0.0000; 1.0000; 0.0000; 0.0000; 0.00; 0.00; 0.00; 0.00; 0.00; 0.00; 0.00; 0.00; 0.00; 0; -0.0089; 0.0001; 0.9862; 14.5395; 0.0006; 6.3469; 2.4616; 0.0001; 1.1159
21; 1.0000; 0.0000; 0.0000; 0.0000; 0.2668; -0.1493; 0.0066; 0.6573; 2716.42; 199.75; 19975.00; 2716.42; 2.00; 19975.00; 0.0000; 0.0000; 0.0000; 1.0000; 0.0000; 0.0000; 0.00; 0.00; 0.00; 0.00; 0.00; 0.00; 0.00; 0.00; 0.00; 0; 0.0266; 0.0001; 0.9995; 14.5546; 0.0006; 6.3599; 2.4975; 0.0001; 1.1140
22; 1.0000; 0.0000; 0.0000; 0.0000; 0.2668; -0.1219; 0.0065; 0.6485; 2342.13; 168.94; 16894.44; 2342.13; 1.69; 16894.44; 0.0000; 0.0000; 0.0000; 1.0000; 0.0000; 0.0000; 0.00; 0.00; 0.00; 0.00; 0.00; 0.00; 0.00; 0.00; 0.00; 0; -0.0054; 0.0001; 1.0098; 14.4522; 0.0006; 6.3712; 2.5015; 0.0001; 1.1192
23; 1.0000; 0.0000; 0.0000; 0.0000; 0.2668; -0.1075; 0.0064; 0.6384; 2056.64; 145.71; 14570.53; 2056.64; 1.46; 14570.53; 0.0000; 0.0000; 0.0000; 1.0000; 0.0000; 0.0000; 0.00; 0.00; 0.00; 0.00; 0.00; 0.00; 0.00; 0.00; 0.00; 0; 0.0003; 0.0001; 0.9878; 14.5677; 0.0006; 6.3547; 2.4967; 0.0001; 1.1153
24; 1.0000; 0.0000; 0.0000; 0.0000; 0.2668; -0.0972; 0.0064; 0.6397; 1823.11; 132.01; 13200.59; 1823.11; 1.32; 13200.59; 0.0000; 0.0000; 0.0000; 1.0000; 0.0000; 0.0000; 0.00; 0.00; 0.00; 0.00; 0.00; 0.00; 0.00; 0.00; 0.00; 0; 0.0008; 0.0001; 0.9920; 14.3755; 0.0006; 6.3168; 2.5092; 0.0001; 1.1122
25; 1.0000; 0.0000; 0.0000; 0.0000; 0.2668; -0.0933; 0.0063; 0.6315; 1753.62; 118.61; 11861.47; 1753.62; 1.19; 11861.47; 0.0000; 0.0000; 0.0000; 1.0000; 0.0000; 0.0000; 0.00; 0.00; 0.00; 0.00; 0.00; 0.00; 0.00; 0.00; 0.00; 0; 0.0127; 0.0001; 0.9871; 14.4859; 0.0006; 6.3804; 2.5145; 0.0001; 1.1175
26; 1.0000; 0.0000; 0.0000; 0.0000; 0.2668; -0.0795; 0.0063; 0.6334; 1579.18; 117.22; 11721.72; 1579.18; 1.17; 11721.72; 0.0000; 0.0000; 0.0000; 1.0000; 0.0000; 0.0000; 0.00; 0.00; 0.00; 0.00; 0.00; 0.00; 0.00; 0.00; 0.00; 0; -0.0027; 0.0001; 0.9978; 14.5220; 0.0006; 6.3370; 2.5011; 0.0001; 1.1162
27; 1.0000; 0.0000; 0.0000; 0.0000; 0.2668; -0.0655; 0.0063; 0.6273; 1626.66; 152.16; 15216.47; 1626.66; 1.52; 15216.47; 0.0000; 0.0000; 0.0000; 1.0000; 0.0000; 0.0000; 0.00; 0.00; 0.00; 0.00; 0.00; 0.00; 0.00; 0.00; 0.00; 0; -0.0144; 0.0001; 1.0004; 14.5999; 0.0006; 6.3522; 2.5039; 0.0001; 1.1184
28; 1.0000; 0.0000; 0.0000; 0.0000; 0.2668; -0.0730; 0.0063; 0.6267; 1566.40; 153.79; 15379.44; 1566.40; 1.54; 15379.44; 0.0000; 0.0000; 0.0000; 1.0000; 0.0000; 0.0000; 0.00; 0.00; 0.00; 0.00; 0.00; 0.00; 0.00; 0.00; 0.00; 0; 0.0047; 0.0001; 0.9980; 14.4887; 0.0006; 6.2833; 2.4941; 0.0001; 1.1181
29; 1.0000; 0.0000; 0.0000; 0.0000; 0.2668; -0.0570; 0.0062; 0.6198; 1496.26; 160.87; 16086.50; 1496.26; 1.61; 16086.50; 0.0000; 0.0000; 0.0000; 1.0000; 0.0000; 0.0000; 0.00; 0.00; 0.00; 0.00; 0.00; 0.00; 0.00; 0.00; 0.00; 0; 0.0116; 0.0001; 0.9968; 14.4444; 0.0006; 6.3392; 2.4960; 0.0001; 1.1190
30; 1.0000; 0.0000; 0.0000; 0.0000; 0.2668; -0.0465; 0.0062; 0.6233; 1403.52; 166.93; 16693.07; 1403.52; 1.67; 16693.07; 0.0000; 0.0000; 0.0000; 1.0000; 0.0000; 0.0000; 0.00; 0.00; 0.00; 0.00; 0.00; 0.00; 0.00; 0.00; 0.00; 0; 0.0171; 0.0001; 1.0048; 14.5782; 0.0006; 6.3515; 2.4994; 0.0001; 1.1220
31; 1.0000; 0.0000; 0.0000; 0.0000; 0.2668; -0.0431; 0.0062; 0.6159; 1225.37; 146.93; 14693.34; 1225.37; 1.47; 14693.34; 0.0000; 0.0000; 0.0000; 1.0000; 0.0000; 0.0000; 0.00; 0.00; 0.00; 0.00; 0.00; 0.00; 0.00; 0.00; 0.00; 0; 0.0137; 0.0001; 1.0006; 14.4165; 0.0006; 6.3633; 2.5059; 0.0001; 1.1152
32; 1.0000; 0.0000; 0.0000; 0.0000; 0.2668; -0.0363; 0.0061; 0.6133; 1084.06; 125.79; 12579.19; 1084.06; 1.26; 12579.19; 0.0000; 0.0000; 0.0000; 1.0000; 0.0000; 0.0000; 0.00; 0.00; 0.00; 0.00; 0.00; 0.00; 0.00; 0.00; 0.00; 0; 0.0032; 0.0001; 0.9990; 14.4745; 0.0006; 6.3591; 2.4936; 0.0001; 1.1132
33; 1.0000; 0.0000; 0.0000; 0.0000; 0.2668; -0.0530; 0.0061; 0.6077; 996.62; 133.36; 13336.26; 996.62; 1.33; 13336.26; 0.0000; 0.0000; 0.0000; 1.0000; 0.0000; 0.0000; 0.00; 0.00; 0.00; 0.00; 0.00; 0.00; 0.00; 0.00; 0.00; 0; 0.0119; 0.0001; 1.0081; 14.4238; 0.0006; 6.3733; 2.5116; 0.0001; 1.1261
34; 1.0000; 0.0000; 0.0000; 0.0000; 0.2668; -0.0376; 0.0061; 0.6049; 913.10; 118.41; 11841.24; 913.10; 1.18; 11841.24; 0.0000; 0.0000; 0.0000; 1.0000; 0.0000; 0.0000; 0.00; 0.00; 0.00; 0.00; 0.00; 0.00; 0.00; 0.00; 0.00; 0; 0.0003; 0.0001; 1.0014; 14.5769; 0.0006; 6.3173; 2.4994; 0.0001; 1.1199
35; 1.0000; 0.0000; 0.0000; 0.0000; 0.2668; -0.0291; 0.0061; 0.6071; 841.54; 110.50; 11049.84; 841.54; 1.10; 11049.84; 0.0000; 0.0000; 0.0000; 1.0000; 0.0000; 0.0000; 0.00; 0.00; 0.00; 0.00; 0.00; 0.00; 0.00; 0.00; 0.00; 0; -0.0130; 0.0001; 1.0006; 14.5018; 0.0006; 6.3416; 2.5033; 0.0001; 1.1224
36; 1.0000; 0.0000; 0.0000; 0.0000; 0.2668; -0.0300; 0.0061; 0.6058; 859.38; 125.29; 12528.93; 859.38; 1.25; 12528.93; 0.0000; 0.0000; 0.0000; 1.0000; 0.0000; 0.0000; 0.00; 0.00; 0.00; 0.00; 0.00; 0.00; 0.00; 0.00; 0.00; 0; -0.0074; 0.0001; 1.0012; 14.4663; 0.0006; 6.2769; 2.4953; 0.0001; 1.1235
37; 1.0000; 0.0000; 0.0000; 0.0000; 0.2668; -0.0160; 0.0059; 0.5943; 875.84; 138.12; 13811.55; 875.84; 1.38; 13811.55; 0.0000; 0.0000; 0.0000; 1.0000; 0.0000; 0.0000; 0.00; 0.00; 0.00; 0.00; 0.00; 0.00; 0.00; 0.00; 0.00; 0; -0.0047; 0.0001; 0.9880; 14.4535; 0.0006; 6.3533; 2.4946; 0.0001; 1.1173
38; 1.0000; 0.0000; 0.0000; 0.0000; 0.2668; -0.0336; 0.0060; 0.6038; 766.76; 128.97; 12896.99; 766.76; 1.29; 12896.99; 0.0000; 0.0000; 0.0000; 1.0000; 0.0000; 0.0000; 0.00; 0.00; 0.00; 0.00; 0.00; 0.00; 0.00; 0.00; 0.00; 0; -0.0151; 0.0001; 1.0004; 14.4388; 0.0006; 6.3063; 2.4942; 0.0001; 1.1166
39; 1.0000; 0.0000; 0.0000; 0.0000; 0.2668; -0.0259; 0.0060; 0.6012; 583.13; 71.05; 7104.69; 583.13; 0.71; 7104.69; 0.0000; 0.0000; 0.0000; 1.0000; 0.0000; 0.0000; 0.00; 0.00; 0.00; 0.00; 0.00; 0.00; 0.00; 0.00; 0.00; 0; 0.0192; 0.0001; 1.0123; 14.4614; 0.0006; 6.3311; 2.4914; 0.0001; 1.1224
40; 1.0000; 0.0000; 0.0000; 0.0000; 0.2668; -0.0185; 0.0060; 0.6000; 586.51; 81.09; 8108.77; 586.51; 0.81; 8108.77; 0.0000; 0.0000; 0.0000; 1.0000; 0.0000; 0.0000; 0.00; 0.00; 0.00; 0.00; 0.00; 0.00; 0.00; 0.00; 0.00; 0; -0.0015; 0.0001; 1.0084; 14.5035; 0.0006; 6.3306; 2.4912; 0.0001; 1.1172
41; 1.0000; 0.0000; 0.0000; 0.0000; 0.2668; -0.0079; 0.0060; 0.5956; 504.42; 66.54; 6654.09; 504.42; 0.67; 6654.09; 0.0000; 0.0000; 0.0000; 1.0000; 0.0000; 0.0000; 0.00; 0.00; 0.00; 0.00; 0.00; 0.00; 0.00; 0.00; 0.00; 0; -0.0076; 0.0001; 0.9975; 14.3916; 0.0006; 6.3453; 2.4797; 0.0001; 1.1193
42; 1.0000; 0.0000; 0.0000; 0.0000; 0.2668; -0.0216; 0.0060; 0.5989; 504.09; 68.18; 6817.63; 504.09; 0.68; 6817.63; 0.0000; 0.0000; 0.0000; 1.0000; 0.0000; 0.0000; 0.00; 0.00; 0.00; 0.00; 0.00; 0.00; 0.00; 0.00; 0.00; 0; 0.0034; 0.0001; 1.0062; 14.5825; 0.0006; 6.3193; 2.4861; 0.0001; 1.1167
43; 1.0000; 0.0000; 0.0000; 0.0000; 0.2668; -0.0076; 0.0060; 0.5959; 475.87; 76.03; 7603.26; 475.87; 0.76; 7603.26; 0.0000; 0.0000; 0.0000; 1.0000; 0.0000; 0.0000; 0.00; 0.00; 0.00; 0.00; 0.00; 0.00; 0.00; 0.00; 0.00; 0; 0.0126; 0.0001; 0.9818; 14.5175; 0.0006; 6.3322; 2.4857; 0.0001; 1.1109
44; 1.0000; 0.0000; 0.0000; 0.0000; 0.2668; -0.0120; 0.0060; 0.5992; 455.07; 73.90; 7390.35; 455.07; 0.74; 7390.35; 0.0000; 0.0000; 0.0000; 1.0000; 0.0000; 0.0000; 0.00; 0.00; 0.00; 0.00; 0.00; 0.00; 0.00; 0.00; 0.00; 0; -0.0008; 0.0001; 0.9990; 14.6130; 0.0006; 6.3853; 2.5194; 0.0001; 1.1168
45; 1.0000; 0.0000; 0.0000; 0.0000; 0.2668; -0.0001; 0.0059; 0.5887; 430.35; 77.10; 7709.61; 430.35; 0.77; 7709.61; 0.0000; 0.0000; 0.0000; 1.0000; 0.0000; 0.0000; 0.00; 0.00; 0.00; 0.00; 0.00; 0.00; 0.00; 0.00; 0.00; 0; -0.0115; 0.0001; 1.0050; 14.5589; 0.0006; 6.3354; 2.4931; 0.0001; 1.1210
46; 1.0000; 0.0000; 0.0000; 0.0000; 0.2668; -0.0209; 0.0060; 0.6020; 347.74; 40.34; 4034.11; 347.74; 0.40; 4034.11; 0.0000; 0.0000; 0.0000; 1.0000; 0.0000; 0.0000; 0.00; 0.00; 0.00; 0.00; 0.00; 0.00; 0.00; 0.00; 0.00; 0; 0.0033; 0.0001; 1.0029; 14.4774; 0.0006; 6.3819; 2.4844; 0.0001; 1.1224
47; 1.0000; 0.0000; 0.0000; 0.0000; 0.2668; -0.0136; 0.0060; 0.5948; 358.35; 51.92; 5191.55; 358.35; 0.52; 5191.55; 0.0000; 0.0000; 0.0000; 1.0000; 0.0000; 0.0000; 0.00; 0.00; 0.00; 0.00; 0.00; 0.00; 0.00; 0.00; 0.00; 0; -0.0003; 0.0001; 1.0114; 14.5349; 0.0006; 6.3580; 2.4961; 0.0001; 1.1147
48; 1.0000; 0.0000; 0.0000; 0.0000; 0.2668; 0.0007; 0.0060; 0.5949; 379.90; 62.45; 6245.15; 379.90; 0.62; 6245.15; 0.0000; 0.0000; 0.0000; 1.0000; 0.0000; 0.0000; 0.00; 0.00; 0.00; 0.00; 0.00; 0.00; 0.00; 0.00; 0.00; 0; -0.0057; 0.0001; 1.0031; 14.4234; 0.0006; 6.3066; 2.4854; 0.0001; 1.1163
49; 1.0000; 0.0000; 0.0000; 0.0000; 0.2668; -0.0069; 0.0059; 0.5905; 383.51; 76.19; 7618.94; 383.51; 0.76; 7618.94; 0.0000; 0.0000; 0.0000; 1.0000; 0.0000; 0.0000; 0.00; 0.00; 0.00; 0.00; 0.00; 0.00; 0.00; 0.00; 0.00; 0; -0.0063; 0.0001; 0.9972; 14.6100; 0.0006; 6.3456; 2.5100; 0.0001; 1.1162
50; 1.0000; 0.0000; 0.0000; 0.0000; 0.2668; -0.0043; 0.0059; 0.5928; 341.85; 64.21; 6421.07; 341.85; 0.64; 6421.07; 0.0000; 0.0000; 0.0000; 1.0000; 0.0000; 0.0000; 0.00; 0.00; 0.00; 0.00; 0.00; 0.00; 0.00; 0.00; 0.00; 0; 0.0049; 0.0001; 1.0109; 14.5385; 0.0006; 6.3410; 2.4875; 0.0001; 1.1193
Population 2: South Coast
0; 1.0000; 0.0000; 0.0000; 0.0000; 0.4196;      0;      0;      0; 110.00; 0.00; 0.00; 110.00; 0.00; 0.00; 0.0000; 0.0000; 0.0000; 1.0000; 0.0000; 0.0000; 0.00; 0.00; 0.00; 0.00; 0.00; 0.00; 0.00; 0.00; 0.00; 0; 0.0002; 0.0001; 0.9933; 14.6004; 0.0006; 6.3100; 2.4934; 0.0001; 1.1105
1; 1.0000; 0.0000; 0.0000; 0.0000; 0.4196; 0.5418; 0.0045; 0.4506; 206.50; 0.79; 78.83; 206.50; 0.01; 78.83; 0.0000; 0.0000; 0.0000; 1.0000; 0.0000; 0.0000; 0.00; 0.00; 0.00; 0.00; 0.00; 0.00; 0.00; 0.00; 0.00; 0; 0.0005; 0.0001; 0.9861; 14.6018; 0.0006; 6.3060; 2.4987; 0.0001; 1.1208
2; 1.0000; 0.0000; 0.0000; 0.0000; 0.4196; 0.4267; 0.0049; 0.4859; 347.56; 1.98; 197.64; 347.56; 0.02; 197.64; 0.0000; 0.0000; 0.0000; 1.0000; 0.0000; 0.0000; 0.00; 0.00; 0.00; 0.00; 0.00; 0.00; 0.00; 0.00; 0.00; 0; 0.0128; 0.0001; 1.0030; 14.5587; 0.0006; 6.3692; 2.5041; 0.0001; 1.1185
3; 1.0000; 0.0000; 0.0000; 0.0000; 0.4196; 0.3794; 0.0050; 0.5033; 558.34; 4.03; 403.37; 558.34; 0.04; 403.37; 0.0000; 0.0000; 0.0000; 1.0000; 0.0000; 0.0000; 0.00; 0.00; 0.00; 0.00; 0.00; 0.00; 0.00; 0.00; 0.00; 0; 0.0045; 0.0001; 0.9892; 14.5424; 0.0006; 6.3344; 2.4914; 0.0001; 1.1179
4; 1.0000; 0.0000; 0.0000; 0.0000; 0.4196; 0.3368; 0.0052; 0.5190; 857.34; 7.29; 729.41; 857.34; 0.07; 729.41; 0.0000; 0.0000; 0.0000; 1.0000; 0.0000; 0.0000; 0.00; 0.00; 0.00; 0.00; 0.00; 0.00; 0.00; 0.00; 0.00; 0; 0.0007; 0.0001; 1.0025; 14.4960; 0.0006; 6.3268; 2.5045; 0.0001; 1.1165
5; 1.0000; 0.0000; 0.0000; 0.0000; 0.4196; 0.2929; 0.0052; 0.5222; 1260.73; 12.30; 1230.11; 1260.73; 0.12; 1230.11; 0.0000; 0.0000; 0.0000; 1.0000; 0.0000; 0.0000; 0.00; 0.00; 0.00; 0.00; 0.00; 0.00; 0.00; 0.00; 0.00; 0; -0.0133; 0.0001; 1.0040; 14.5130; 0.0006; 6.3360; 2.4782; 0.0001; 1.1170
6; 1.0000; 0.0000; 0.0000; 0.0000; 0.4196; 0.2708; 0.0052; 0.5243; 1817.13; 20.68; 2068.43; 1817.13; 0.21; 2068.43; 0.0000; 0.0000; 0.0000; 1.0000; 0.0000; 0.0000; 0.00; 0.00; 0.00; 0.00; 0.00; 0.00; 0.00; 0.00; 0.00; 0; 0.0087; 0.0001; 0.9922; 14.3985; 0.0006; 6.3375; 2.5013; 0.0001; 1.1169
7; 1.0000; 0.0000; 0.0000; 0.0000; 0.4196; 0.2615; 0.0053; 0.5275; 2555.09; 32.85; 3284.63; 2555.09; 0.33; 3284.63; 0.0000; 0.0000; 0.0000; 1.0000; 0.0000; 0.0000; 0.00; 0.00; 0.00; 0.00; 0.00; 0.00; 0.00; 0.00; 0.00; 0; 0.0003; 0.0001; 0.9984; 14.4328; 0.0006; 6.3533; 2.4929; 0.0001; 1.1149
8; 1.0000; 0.0000; 0.0000; 0.0000; 0.4196; 0.2509; 0.0053; 0.5332; 3605.30; 52.21; 5220.75; 3605.30; 0.52; 5220.75; 0.0000; 0.0000; 0.0000; 1.0000; 0.0000; 0.0000; 0.00; 0.00; 0.00; 0.00; 0.00; 0.00; 0.00; 0.00; 0.00; 0; -0.0077; 0.0001; 1.0012; 14.4641; 0.0006; 6.3733; 2.4997; 0.0001; 1.1237
9; 1.0000; 0.0000; 0.0000; 0.0000; 0.4196; 0.2433; 0.0054; 0.5358; 5109.30; 82.28; 8227.54; 5109.30; 0.82; 8227.54; 0.0000; 0.0000; 0.0000; 1.0000; 0.0000; 0.0000; 0.00; 0.00; 0.00; 0.00; 0.00; 0.00; 0.00; 0.00; 0.00; 0; 0.0044; 0.0001; 1.0143; 14.5137; 0.0006; 6.3831; 2.4913; 0.0001; 1.1271
10; 1.0000; 0.0000; 0.0000; 0.0000; 0.4196; 0.2365; 0.0053; 0.5256; 7136.47; 128.71; 12871.46; 7136.47; 1.29; 12871.46; 0.0000; 0.0000; 0.0000; 1.0000; 0.0000; 0.0000; 0.00; 0.00; 0.00; 0.00; 0.00; 0.00; 0.00; 0.00; 0.00; 0; -0.0028; 0.0001; 1.0104; 14.5907; 0.0006; 6.3448; 2.4940; 0.0001; 1.1200
11; 1.0000; 0.0000; 0.0000; 0.0000; 0.4196; 0.2208; 0.0054; 0.5393; 9813.31; 193.67; 19367.02; 9813.31; 1.94; 19367.02; 0.0000; 0.0000; 0.0000; 1.0000; 0.0000; 0.0000; 0.00; 0.00; 0.00; 0.00; 0.00; 0.00; 0.00; 0.00; 0.00; 0; 0.0025; 0.0001; 1.0021; 14.5864; 0.0006; 6.3597; 2.4838; 0.0001; 1.1113
12; 1.0000; 0.0000; 0.0000; 0.0000; 0.4196; 0.2271; 0.0054; 0.5352; 13461.31; 280.27; 28027.12; 13461.31; 2.80; 28027.12; 0.0000; 0.0000; 0.0000; 1.0000; 0.0000; 0.0000; 0.00; 0.00; 0.00; 0.00; 0.00; 0.00; 0.00; 0.00; 0.00; 0; -0.0102; 0.0001; 1.0162; 14.5350; 0.0006; 6.3367; 2.5111; 0.0001; 1.1183
13; 1.0000; 0.0000; 0.0000; 0.0000; 0.4196; 0.2180; 0.0055; 0.5521; 18555.10; 411.67; 41167.27; 18555.10; 4.12; 41167.27; 0.0000; 0.0000; 0.0000; 1.0000; 0.0000; 0.0000; 0.00; 0.00; 0.00; 0.00; 0.00; 0.00; 0.00; 0.00; 0.00; 0; -0.0046; 0.0001; 0.9949; 14.5331; 0.0006; 6.3317; 2.4898; 0.0001; 1.1172
14; 1.0000; 0.0000; 0.0000; 0.0000; 0.4196; 0.2113; 0.0055; 0.5456; 25081.04; 565.14; 56513.90; 25081.04; 5.65; 56513.90; 0.0000; 0.0000; 0.0000; 1.0000; 0.0000; 0.0000; 0.00; 0.00; 0.00; 0.00; 0.00; 0.00; 0.00; 0.00; 0.00; 0; -0.0097; 0.0001; 1.0078; 14.4260; 0.0006; 6.3585; 2.5077; 0.0001; 1.1224
15; 1.0000; 0.0000; 0.0000; 0.0000; 0.4196; 0.2122; 0.0056; 0.5565; 33231.39; 734.93; 73493.00; 33231.39; 7.35; 73493.00; 0.0000; 0.0000; 0.0000; 1.0000; 0.0000; 0.0000; 0.00; 0.00; 0.00; 0.00; 0.00; 0.00; 0.00; 0.00; 0.00; 0; -0.0192; 0.0001; 0.9955; 14.4422; 0.0006; 6.3514; 2.4769; 0.0001; 1.1212
16; 1.0000; 0.0000; 0.0000; 0.0000; 0.4196; 0.2109; 0.0055; 0.5457; 42112.85; 876.01; 87600.95; 42112.85; 8.76; 87600.95; 0.0000; 0.0000; 0.0000; 1.0000; 0.0000; 0.0000; 0.00; 0.00; 0.00; 0.00; 0.00; 0.00; 0.00; 0.00; 0.00; 0; -0.0103; 0.0001; 1.0048; 14.4629; 0.0006; 6.3214; 2.4750; 0.0001; 1.1187
17; 1.0000; 0.0000; 0.0000; 0.0000; 0.4196; 0.2078; 0.0054; 0.5439; 52806.47; 1031.91; 103190.84; 52806.47; 10.32; 103190.84; 0.0000; 0.0000; 0.0000; 1.0000; 0.0000; 0.0000; 0.00; 0.00; 0.00; 0.00; 0.00; 0.00; 0.00; 0.00; 0.00; 0; -0.0167; 0.0001; 1.0012; 14.5478; 0.0006; 6.2956; 2.5130; 0.0001; 1.1085
18; 1.0000; 0.0000; 0.0000; 0.0000; 0.4196; 0.2114; 0.0055; 0.5510; 66611.97; 1232.92; 123292.11; 66611.97; 12.33; 123292.11; 0.0000; 0.0000; 0.0000; 1.0000; 0.0000; 0.0000; 0.00; 0.00; 0.00; 0.00; 0.00; 0.00; 0.00; 0.00; 0.00; 0; 0.0176; 0.0001; 0.9989; 14.5597; 0.0006; 6.3694; 2.4892; 0.0001; 1.1171
19; 1.0000; 0.0000; 0.0000; 0.0000; 0.4196; 0.1926; 0.0055; 0.5523; 80441.30; 1404.02; 140402.39; 80441.30; 14.04; 140402.39; 0.0000; 0.0000; 0.0000; 1.0000; 0.0000; 0.0000; 0.00; 0.00; 0.00; 0.00; 0.00; 0.00; 0.00; 0.00; 0.00; 0; -0.0042; 0.0001; 1.0006; 14.4429; 0.0006; 6.3352; 2.4980; 0.0001; 1.1244
20; 1.0000; 0.0000; 0.0000; 0.0000; 0.4196; 0.1516; 0.0058; 0.5840; 92302.05; 1537.51; 153751.50; 92302.05; 15.38; 153751.50; 0.0000; 0.0000; 0.0000; 1.0000; 0.0000; 0.0000; 0.00; 0.00; 0.00; 0.00; 0.00; 0.00; 0.00; 0.00; 0.00; 0; -0.0089; 0.0001; 0.9862; 14.5395; 0.0006; 6.3469; 2.4616; 0.0001; 1.1159
21; 1.0000; 0.0000; 0.0000; 0.0000; 0.4196; 0.1470; 0.0058; 0.5819; 103660.39; 1636.30; 163630.16; 103660.39; 16.36; 163630.16; 0.0000; 0.0000; 0.0000; 1.0000; 0.0000; 0.0000; 0.00; 0.00; 0.00; 0.00; 0.00; 0.00; 0.00; 0.00; 0.00; 0; 0.0266; 0.0001; 0.9995; 14.5546; 0.0006; 6.3599; 2.4975; 0.0001; 1.1140
22; 1.0000; 0.0000; 0.0000; 0.0000; 0.4196; 0.1588; 0.0057; 0.5708; 116880.72; 1747.36; 174736.32; 116880.72; 17.47; 174736.32; 0.0000; 0.0000; 0.0000; 1.0000; 0.0000; 0.0000; 0.00; 0.00; 0.00; 0.00; 0.00; 0.00; 0.00; 0.00; 0.00; 0; -0.0054; 0.0001; 1.0098; 14.4522; 0.0006; 6.3712; 2.5015; 0.0001; 1.1192
23; 1.0000; 0.0000; 0.0000; 0.0000; 0.4196; 0.1389; 0.0059; 0.5889; 129327.36; 1854.00; 185399.86; 129327.36; 18.54; 185399.86; 0.0000; 0.0000; 0.0000; 1.0000; 0.0000; 0.0000; 0.00; 0.00; 0.00; 0.00; 0.00; 0.00; 0.00; 0.00; 0.00; 0; 0.0003; 0.0001; 0.9878; 14.5677; 0.0006; 6.3547; 2.4967; 0.0001; 1.1153
24; 1.0000; 0.0000; 0.0000; 0.0000; 0.4196; 0.1466; 0.0058; 0.5820; 141000.36; 1933.90; 193390.40; 141000.36; 19.34; 193390.40; 0.0000; 0.0000; 0.0000; 1.0000; 0.0000; 0.0000; 0.00; 0.00; 0.00; 0.00; 0.00; 0.00; 0.00; 0.00; 0.00; 0; 0.0008; 0.0001; 0.9920; 14.3755; 0.0006; 6.3168; 2.5092; 0.0001; 1.1122
25; 1.0000; 0.0000; 0.0000; 0.0000; 0.4196; 0.1413; 0.0059; 0.5860; 152442.09; 2011.31; 201130.50; 152442.09; 20.11; 201130.50; 0.0000; 0.0000; 0.0000; 1.0000; 0.0000; 0.0000; 0.00; 0.00; 0.00; 0.00; 0.00; 0.00; 0.00; 0.00; 0.00; 0; 0.0127; 0.0001; 0.9871; 14.4859; 0.0006; 6.3804; 2.5145; 0.0001; 1.1175
26; 1.0000; 0.0000; 0.0000; 0.0000; 0.4196; 0.1486; 0.0058; 0.5827; 161908.13; 2062.84; 206284.27; 161908.13; 20.63; 206284.27; 0.0000; 0.0000; 0.0000; 1.0000; 0.0000; 0.0000; 0.00; 0.00; 0.00; 0.00; 0.00; 0.00; 0.00; 0.00; 0.00; 0; -0.0027; 0.0001; 0.9978; 14.5220; 0.0006; 6.3370; 2.5011; 0.0001; 1.1162
27; 1.0000; 0.0000; 0.0000; 0.0000; 0.4196; 0.1446; 0.0058; 0.5850; 172316.44; 2107.60; 210760.32; 172316.44; 21.08; 210760.32; 0.0000; 0.0000; 0.0000; 1.0000; 0.0000; 0.0000; 0.00; 0.00; 0.00; 0.00; 0.00; 0.00; 0.00; 0.00; 0.00; 0; -0.0144; 0.0001; 1.0004; 14.5999; 0.0006; 6.3522; 2.5039; 0.0001; 1.1184
28; 1.0000; 0.0000; 0.0000; 0.0000; 0.4196; 0.1466; 0.0058; 0.5794; 182253.67; 2141.93; 214192.86; 182253.67; 21.42; 214192.86; 0.0000; 0.0000; 0.0000; 1.0000; 0.0000; 0.0000; 0.00; 0.00; 0.00; 0.00; 0.00; 0.00; 0.00; 0.00; 0.00; 0; 0.0047; 0.0001; 0.9980; 14.4887; 0.0006; 6.2833; 2.4941; 0.0001; 1.1181
29; 1.0000; 0.0000; 0.0000; 0.0000; 0.4196; 0.1485; 0.0058; 0.5822; 192762.30; 2194.74; 219473.73; 192762.30; 21.95; 219473.73; 0.0000; 0.0000; 0.0000; 1.0000; 0.0000; 0.0000; 0.00; 0.00; 0.00; 0.00; 0.00; 0.00; 0.00; 0.00; 0.00; 0; 0.0116; 0.0001; 0.9968; 14.4444; 0.0006; 6.3392; 2.4960; 0.0001; 1.1190
30; 1.0000; 0.0000; 0.0000; 0.0000; 0.4196; 0.1534; 0.0058; 0.5819; 201868.25; 2231.51; 223150.57; 201868.25; 22.32; 223150.57; 0.0000; 0.0000; 0.0000; 1.0000; 0.0000; 0.0000; 0.00; 0.00; 0.00; 0.00; 0.00; 0.00; 0.00; 0.00; 0.00; 0; 0.0171; 0.0001; 1.0048; 14.5782; 0.0006; 6.3515; 2.4994; 0.0001; 1.1220
31; 1.0000; 0.0000; 0.0000; 0.0000; 0.4196; 0.1558; 0.0059; 0.5862; 211072.17; 2244.46; 224446.31; 211072.17; 22.44; 224446.31; 0.0000; 0.0000; 0.0000; 1.0000; 0.0000; 0.0000; 0.00; 0.00; 0.00; 0.00; 0.00; 0.00; 0.00; 0.00; 0.00; 0; 0.0137; 0.0001; 1.0006; 14.4165; 0.0006; 6.3633; 2.5059; 0.0001; 1.1152
32; 1.0000; 0.0000; 0.0000; 0.0000; 0.4196; 0.1404; 0.0059; 0.5930; 219088.35; 2272.97; 227296.55; 219088.35; 22.73; 227296.55; 0.0000; 0.0000; 0.0000; 1.0000; 0.0000; 0.0000; 0.00; 0.00; 0.00; 0.00; 0.00; 0.00; 0.00; 0.00; 0.00; 0; 0.0032; 0.0001; 0.9990; 14.4745; 0.0006; 6.3591; 2.4936; 0.0001; 1.1132
33; 1.0000; 0.0000; 0.0000; 0.0000; 0.4196; 0.1444; 0.0057; 0.5737; 226772.72; 2292.65; 229264.96; 226772.72; 22.93; 229264.96; 0.0000; 0.0000; 0.0000; 1.0000; 0.0000; 0.0000; 0.00; 0.00; 0.00; 0.00; 0.00; 0.00; 0.00; 0.00; 0.00; 0; 0.0119; 0.0001; 1.0081; 14.4238; 0.0006; 6.3733; 2.5116; 0.0001; 1.1261
34; 1.0000; 0.0000; 0.0000; 0.0000; 0.4196; 0.1427; 0.0059; 0.5945; 234850.39; 2307.05; 230705.28; 234850.39; 23.07; 230705.28; 0.0000; 0.0000; 0.0000; 1.0000; 0.0000; 0.0000; 0.00; 0.00; 0.00; 0.00; 0.00; 0.00; 0.00; 0.00; 0.00; 0; 0.0003; 0.0001; 1.0014; 14.5769; 0.0006; 6.3173; 2.4994; 0.0001; 1.1199
35; 1.0000; 0.0000; 0.0000; 0.0000; 0.4196; 0.1355; 0.0059; 0.5890; 241419.25; 2324.08; 232407.74; 241419.25; 23.24; 232407.74; 0.0000; 0.0000; 0.0000; 1.0000; 0.0000; 0.0000; 0.00; 0.00; 0.00; 0.00; 0.00; 0.00; 0.00; 0.00; 0.00; 0; -0.0130; 0.0001; 1.0006; 14.5018; 0.0006; 6.3416; 2.5033; 0.0001; 1.1224
36; 1.0000; 0.0000; 0.0000; 0.0000; 0.4196; 0.1491; 0.0059; 0.5851; 247564.48; 2331.43; 233142.86; 247564.48; 23.31; 233142.86; 0.0000; 0.0000; 0.0000; 1.0000; 0.0000; 0.0000; 0.00; 0.00; 0.00; 0.00; 0.00; 0.00; 0.00; 0.00; 0.00; 0; -0.0074; 0.0001; 1.0012; 14.4663; 0.0006; 6.2769; 2.4953; 0.0001; 1.1235
37; 1.0000; 0.0000; 0.0000; 0.0000; 0.4196; 0.1431; 0.0059; 0.5941; 253851.19; 2344.06; 234405.73; 253851.19; 23.44; 234405.73; 0.0000; 0.0000; 0.0000; 1.0000; 0.0000; 0.0000; 0.00; 0.00; 0.00; 0.00; 0.00; 0.00; 0.00; 0.00; 0.00; 0; -0.0047; 0.0001; 0.9880; 14.4535; 0.0006; 6.3533; 2.4946; 0.0001; 1.1173
38; 1.0000; 0.0000; 0.0000; 0.0000; 0.4196; 0.1345; 0.0058; 0.5817; 257744.92; 2341.24; 234124.08; 257744.92; 23.41; 234124.08; 0.0000; 0.0000; 0.0000; 1.0000; 0.0000; 0.0000; 0.00; 0.00; 0.00; 0.00; 0.00; 0.00; 0.00; 0.00; 0.00; 0; -0.0151; 0.0001; 1.0004; 14.4388; 0.0006; 6.3063; 2.4942; 0.0001; 1.1166
39; 1.0000; 0.0000; 0.0000; 0.0000; 0.4196; 0.1377; 0.0058; 0.5836; 262636.54; 2341.16; 234116.14; 262636.54; 23.41; 234116.14; 0.0000; 0.0000; 0.0000; 1.0000; 0.0000; 0.0000; 0.00; 0.00; 0.00; 0.00; 0.00; 0.00; 0.00; 0.00; 0.00; 0; 0.0192; 0.0001; 1.0123; 14.4614; 0.0006; 6.3311; 2.4914; 0.0001; 1.1224
40; 1.0000; 0.0000; 0.0000; 0.0000; 0.4196; 0.1343; 0.0060; 0.5976; 266940.50; 2346.76; 234676.33; 266940.50; 23.47; 234676.33; 0.0000; 0.0000; 0.0000; 1.0000; 0.0000; 0.0000; 0.00; 0.00; 0.00; 0.00; 0.00; 0.00; 0.00; 0.00; 0.00; 0; -0.0015; 0.0001; 1.0084; 14.5035; 0.0006; 6.3306; 2.4912; 0.0001; 1.1172
41; 1.0000; 0.0000; 0.0000; 0.0000; 0.4196; 0.1497; 0.0059; 0.5880; 272495.00; 2349.35; 234935.36; 272495.00; 23.49; 234935.36; 0.0000; 0.0000; 0.0000; 1.0000; 0.0000; 0.0000; 0.00; 0.00; 0.00; 0.00; 0.00; 0.00; 0.00; 0.00; 0.00; 0; -0.0076; 0.0001; 0.9975; 14.3916; 0.0006; 6.3453; 2.4797; 0.0001; 1.1193
42; 1.0000; 0.0000; 0.0000; 0.0000; 0.4196; 0.1445; 0.0058; 0.5771; 277168.41; 2353.87; 235387.11; 277168.41; 23.54; 235387.11; 0.0000; 0.0000; 0.0000; 1.0000; 0.0000; 0.0000; 0.00; 0.00; 0.00; 0.00; 0.00; 0.00; 0.00; 0.00; 0.00; 0; 0.0034; 0.0001; 1.0062; 14.5825; 0.0006; 6.3193; 2.4861; 0.0001; 1.1167
43; 1.0000; 0.0000; 0.0000; 0.0000; 0.4196; 0.1432; 0.0058; 0.5839; 281068.93; 2346.63; 234662.60; 281068.93; 23.47; 234662.60; 0.0000; 0.0000; 0.0000; 1.0000; 0.0000; 0.0000; 0.00; 0.00; 0.00; 0.00; 0.00; 0.00; 0.00; 0.00; 0.00; 0; 0.0126; 0.0001; 0.9818; 14.5175; 0.0006; 6.3322; 2.4857; 0.0001; 1.1109
44; 1.0000; 0.0000; 0.0000; 0.0000; 0.4196; 0.1369; 0.0059; 0.5909; 285126.48; 2348.68; 234867.96; 285126.48; 23.49; 234867.96; 0.0000; 0.0000; 0.0000; 1.0000; 0.0000; 0.0000; 0.00; 0.00; 0.00; 0.00; 0.00; 0.00; 0.00; 0.00; 0.00; 0; -0.0008; 0.0001; 0.9990; 14.6130; 0.0006; 6.3853; 2.5194; 0.0001; 1.1168
45; 1.0000; 0.0000; 0.0000; 0.0000; 0.4196; 0.1515; 0.0058; 0.5778; 290740.18; 2357.30; 235729.75; 290740.18; 23.57; 235729.75; 0.0000; 0.0000; 0.0000; 1.0000; 0.0000; 0.0000; 0.00; 0.00; 0.00; 0.00; 0.00; 0.00; 0.00; 0.00; 0.00; 0; -0.0115; 0.0001; 1.0050; 14.5589; 0.0006; 6.3354; 2.4931; 0.0001; 1.1210
46; 1.0000; 0.0000; 0.0000; 0.0000; 0.4196; 0.1387; 0.0058; 0.5845; 293214.71; 2351.28; 235128.49; 293214.71; 23.51; 235128.49; 0.0000; 0.0000; 0.0000; 1.0000; 0.0000; 0.0000; 0.00; 0.00; 0.00; 0.00; 0.00; 0.00; 0.00; 0.00; 0.00; 0; 0.0033; 0.0001; 1.0029; 14.4774; 0.0006; 6.3819; 2.4844; 0.0001; 1.1224
47; 1.0000; 0.0000; 0.0000; 0.0000; 0.4196; 0.1442; 0.0058; 0.5777; 295881.32; 2344.46; 234445.54; 295881.32; 23.44; 234445.54; 0.0000; 0.0000; 0.0000; 1.0000; 0.0000; 0.0000; 0.00; 0.00; 0.00; 0.00; 0.00; 0.00; 0.00; 0.00; 0.00; 0; -0.0003; 0.0001; 1.0114; 14.5349; 0.0006; 6.3580; 2.4961; 0.0001; 1.1147
48; 1.0000; 0.0000; 0.0000; 0.0000; 0.4196; 0.1403; 0.0059; 0.5883; 298714.92; 2341.15; 234114.55; 298714.92; 23.41; 234114.55; 0.0000; 0.0000; 0.0000; 1.0000; 0.0000; 0.0000; 0.00; 0.00; 0.00; 0.00; 0.00; 0.00; 0.00; 0.00; 0.00; 0; -0.0057; 0.0001; 1.0031; 14.4234; 0.0006; 6.3066; 2.4854; 0.0001; 1.1163
49; 1.0000; 0.0000; 0.0000; 0.0000; 0.4196; 0.1521; 0.0057; 0.5663; 304531.92; 2341.21; 234120.51; 304531.92; 23.41; 234120.51; 0.0000; 0.0000; 0.0000; 1.0000; 0.0000; 0.0000; 0.00; 0.00; 0.00; 0.00; 0.00; 0.00; 0.00; 0.00; 0.00; 0; -0.0063; 0.0001; 0.9972; 14.6100; 0.0006; 6.3456; 2.5100; 0.0001; 1.1162
50; 1.0000; 0.0000; 0.0000; 0.0000; 0.4196; 0.1434; 0.0059; 0.5852; 306375.62; 2326.42; 232642.29; 306375.62; 23.26; 232642.29; 0.0000; 0.0000; 0.0000; 1.0000; 0.0000; 0.0000; 0.00; 0.00; 0.00; 0.00; 0.00; 0.00; 0.00; 0.00; 0.00; 0; 0.0049; 0.0001; 1.0109; 14.5385; 0.0006; 6.3410; 2.4875; 0.0001; 1.1193
Population 3: RWA
0; 1.0000; 0.0000; 0.0000; 0.0000; 0.5247;      0;      0;      0; 0.00; 0.00; 0.00; 0.00; 0.00; 0.00; 0.0000; 0.0000; 0.0000; 1.0000; 0.0000; 0.0000; 0.00; 0.00; 0.00; 0.00; 0.00; 0.00; 0.00; 0.00; 0.00; 0; 0.0002; 0.0001; 0.9933; 14.6004; 0.0006; 6.3100; 2.4934; 0.0001; 1.1105
1; 0.0000; 0.0000; 1.0000; 0.0000; 0.5247;      0;      0;      0; 0.00; 0.00; 0.00; 0.00; 0.00; 0.00; 0.0000; 0.0000; 0.0000; 1.0000; 0.0000; 0.0000; 0.00; 0.00; 0.00; 0.00; 0.00; 0.00; 1.00; 0.00; 0.00; 1; 0.0005; 0.0001; 0.9861; 14.6018; 0.0006; 6.3060; 2.4987; 0.0001; 1.1208
2; 0.0000; 0.0000; 0.0000; 0.0000; 0.5247;      0;      0;      0; 0.00; 0.00; 0.00; 0.00; 0.00; 0.00; 0.0000; 0.0000; 0.0000; 1.0000; 0.0000; 0.0000; 0.00; 0.00; 0.00; 0.00; 0.00; 0.00; 1.00; 0.00; 0.00; 1; 0.0128; 0.0001; 1.0030; 14.5587; 0.0006; 6.3692; 2.5041; 0.0001; 1.1185
3; 0.0077; 0.0009; 0.0000; 0.0000; 0.5247;      0;      0;      0; 110.42; 4.06; 35.64; 0.85; 0.00; 10.14; 0.0000; 0.0000; 0.0000; 1.0000; 0.0000; 0.0000; 0.00; 0.00; 0.00; 0.00; 0.00; 0.00; 1.00; 0.00; 0.00; 1; 0.0045; 0.0001; 0.9892; 14.5424; 0.0006; 6.3344; 2.4914; 0.0001; 1.1179
4; 0.0840; 0.0028; 0.0000; 0.0000; 0.5247; 1.0186; 0.0604; 0.5303; 139.05; 3.01; 87.32; 11.68; 0.00; 46.13; 0.0000; 0.0000; 0.0000; 1.0000; 0.0000; 0.0000; 0.00; 0.00; 0.00; 0.00; 0.00; 0.00; 1.00; 0.00; 0.00; 1; 0.0007; 0.0001; 1.0025; 14.4960; 0.0006; 6.3268; 2.5045; 0.0001; 1.1165
5; 0.2141; 0.0041; 0.0000; 0.0000; 0.5247; 0.9988; 0.0189; 0.5480; 232.69; 4.67; 216.19; 49.82; 0.01; 138.26; 0.0000; 0.0000; 0.0000; 1.0000; 0.0000; 0.0000; 0.00; 0.00; 0.00; 0.00; 0.00; 0.00; 1.00; 0.00; 0.00; 1; -0.0133; 0.0001; 1.0040; 14.5130; 0.0006; 6.3360; 2.4782; 0.0001; 1.1170
6; 0.3431; 0.0047; 0.0000; 0.0000; 0.5247; 0.9114; 0.0122; 0.5642; 416.10; 8.19; 479.71; 142.76; 0.03; 343.46; 0.0000; 0.0000; 0.0000; 1.0000; 0.0000; 0.0000; 0.00; 0.00; 0.00; 0.00; 0.00; 0.00; 1.00; 0.00; 0.00; 1; 0.0087; 0.0001; 0.9922; 14.3985; 0.0006; 6.3375; 2.5013; 0.0001; 1.1169
7; 0.4634; 0.0050; 0.0000; 0.0000; 0.5247; 0.8199; 0.0092; 0.5372; 719.20; 13.83; 941.22; 333.28; 0.07; 734.24; 0.0000; 0.0000; 0.0000; 1.0000; 0.0000; 0.0000; 0.00; 0.00; 0.00; 0.00; 0.00; 0.00; 1.00; 0.00; 0.00; 1; 0.0003; 0.0001; 0.9984; 14.4328; 0.0006; 6.3533; 2.4929; 0.0001; 1.1149
8; 0.5618; 0.0050; 0.0000; 0.0000; 0.5247; 0.7685; 0.0076; 0.5190; 1263.91; 25.05; 1877.88; 710.06; 0.15; 1540.88; 0.0000; 0.0000; 0.0000; 1.0000; 0.0000; 0.0000; 0.00; 0.00; 0.00; 0.00; 0.00; 0.00; 1.00; 0.00; 0.00; 1; -0.0077; 0.0001; 1.0012; 14.4641; 0.0006; 6.3733; 2.4997; 0.0001; 1.1237
9; 0.6446; 0.0048; 0.0000; 0.0000; 0.5247; 0.7083; 0.0066; 0.4920; 2198.37; 45.22; 3630.70; 1417.07; 0.31; 3099.02; 0.0000; 0.0000; 0.0000; 1.0000; 0.0000; 0.0000; 0.00; 0.00; 0.00; 0.00; 0.00; 0.00; 1.00; 0.00; 0.00; 1; 0.0044; 0.0001; 1.0143; 14.5137; 0.0006; 6.3831; 2.4913; 0.0001; 1.1271
10; 0.7063; 0.0046; 0.0000; 0.0000; 0.5247; 0.6603; 0.0061; 0.4880; 3830.92; 85.32; 7170.53; 2705.78; 0.63; 6273.65; 0.0000; 0.0000; 0.0000; 1.0000; 0.0000; 0.0000; 0.00; 0.00; 0.00; 0.00; 0.00; 0.00; 1.00; 0.00; 0.00; 1; -0.0028; 0.0001; 1.0104; 14.5907; 0.0006; 6.3448; 2.4940; 0.0001; 1.1200
11; 0.7607; 0.0043; 0.0000; 0.0000; 0.5247; 0.6187; 0.0057; 0.4797; 6541.65; 153.26; 13367.36; 4976.23; 1.20; 11988.04; 0.0000; 0.0000; 0.0000; 1.0000; 0.0000; 0.0000; 0.00; 0.00; 0.00; 0.00; 0.00; 0.00; 1.00; 0.00; 0.00; 1; 0.0025; 0.0001; 1.0021; 14.5864; 0.0006; 6.3597; 2.4838; 0.0001; 1.1113
12; 0.8009; 0.0040; 0.0000; 0.0000; 0.5247; 0.6047; 0.0054; 0.4748; 11271.53; 272.25; 24364.57; 9027.37; 2.23; 22264.07; 0.0000; 0.0000; 0.0000; 1.0000; 0.0000; 0.0000; 0.00; 0.00; 0.00; 0.00; 0.00; 0.00; 1.00; 0.00; 0.00; 1; -0.0102; 0.0001; 1.0162; 14.5350; 0.0006; 6.3367; 2.5111; 0.0001; 1.1183
13; 0.8340; 0.0037; 0.0000; 0.0000; 0.5247; 0.5670; 0.0052; 0.4641; 19221.37; 488.88; 44646.16; 16030.63; 4.14; 41394.65; 0.0000; 0.0000; 0.0000; 1.0000; 0.0000; 0.0000; 0.00; 0.00; 0.00; 0.00; 0.00; 0.00; 1.00; 0.00; 0.00; 1; -0.0046; 0.0001; 0.9949; 14.5331; 0.0006; 6.3317; 2.4898; 0.0001; 1.1172
14; 0.8627; 0.0034; 0.0000; 0.0000; 0.5247; 0.5519; 0.0050; 0.4560; 32907.90; 909.60; 84485.59; 28389.64; 7.93; 79284.17; 0.0000; 0.0000; 0.0000; 1.0000; 0.0000; 0.0000; 0.00; 0.00; 0.00; 0.00; 0.00; 0.00; 1.00; 0.00; 0.00; 1; -0.0097; 0.0001; 1.0078; 14.4260; 0.0006; 6.3585; 2.5077; 0.0001; 1.1224
15; 0.8841; 0.0032; 0.0000; 0.0000; 0.5247; 0.5422; 0.0049; 0.4516; 55784.12; 1623.77; 152677.30; 49318.74; 14.47; 144662.76; 0.0000; 0.0000; 0.0000; 1.0000; 0.0000; 0.0000; 0.00; 0.00; 0.00; 0.00; 0.00; 0.00; 1.00; 0.00; 0.00; 1; -0.0192; 0.0001; 0.9955; 14.4422; 0.0006; 6.3514; 2.4769; 0.0001; 1.1212
16; 0.9019; 0.0030; 0.0000; 0.0000; 0.5247; 0.5259; 0.0048; 0.4477; 94184.47; 2886.77; 274151.54; 84944.97; 26.19; 261859.03; 0.0000; 0.0000; 0.0000; 1.0000; 0.0000; 0.0000; 0.00; 0.00; 0.00; 0.00; 0.00; 0.00; 1.00; 0.00; 0.00; 1; -0.0103; 0.0001; 1.0048; 14.4629; 0.0006; 6.3214; 2.4750; 0.0001; 1.1187
17; 0.9192; 0.0027; 0.0000; 0.0000; 0.5247; 0.5127; 0.0047; 0.4474; 158911.55; 4936.71; 473307.08; 146071.50; 45.58; 455842.90; 0.0000; 0.0000; 0.0000; 1.0000; 0.0000; 0.0000; 0.00; 0.00; 0.00; 0.00; 0.00; 0.00; 1.00; 0.00; 0.00; 1; -0.0167; 0.0001; 1.0012; 14.5478; 0.0006; 6.2956; 2.5130; 0.0001; 1.1085
18; 0.9318; 0.0025; 0.0000; 0.0000; 0.5247; 0.5065; 0.0045; 0.4359; 265931.10; 7912.56; 763797.57; 247794.60; 74.03; 740331.25; 0.0000; 0.0000; 0.0000; 1.0000; 0.0000; 0.0000; 0.00; 0.00; 0.00; 0.00; 0.00; 0.00; 1.00; 0.00; 0.00; 1; 0.0176; 0.0001; 0.9989; 14.5597; 0.0006; 6.3694; 2.4892; 0.0001; 1.1171
19; 0.9431; 0.0023; 0.0000; 0.0000; 0.5247; 0.4907; 0.0047; 0.4522; 424444.70; 11709.66; 1137163.91; 400293.80; 110.87; 1108703.32; 0.0000; 0.0000; 0.0000; 1.0000; 0.0000; 0.0000; 0.00; 0.00; 0.00; 0.00; 0.00; 0.00; 1.00; 0.00; 0.00; 1; -0.0042; 0.0001; 1.0006; 14.4429; 0.0006; 6.3352; 2.4980; 0.0001; 1.1244
20; 0.9513; 0.0022; 0.0000; 0.0000; 0.5247; 0.4788; 0.0046; 0.4513; 652426.31; 15921.08; 1552856.63; 620653.15; 152.11; 1521065.63; 0.0000; 0.0000; 0.0000; 1.0000; 0.0000; 0.0000; 0.00; 0.00; 0.00; 0.00; 0.00; 0.00; 1.00; 0.00; 0.00; 1; -0.0089; 0.0001; 0.9862; 14.5395; 0.0006; 6.3469; 2.4616; 0.0001; 1.1159
21; 0.9583; 0.0020; 0.0000; 0.0000; 0.5247; 0.4714; 0.0047; 0.4539; 971721.57; 21006.56; 2056391.30; 931200.78; 202.24; 2022405.90; 0.0000; 0.0000; 0.0000; 1.0000; 0.0000; 0.0000; 0.00; 0.00; 0.00; 0.00; 0.00; 0.00; 1.00; 0.00; 0.00; 1; 0.0266; 0.0001; 0.9995; 14.5546; 0.0006; 6.3599; 2.4975; 0.0001; 1.1140
22; 0.9646; 0.0018; 0.0000; 0.0000; 0.5247; 0.4774; 0.0045; 0.4362; 1392920.71; 26380.82; 2590966.98; 1343611.32; 255.77; 2557674.98; 0.0000; 0.0000; 0.0000; 1.0000; 0.0000; 0.0000; 0.00; 0.00; 0.00; 0.00; 0.00; 0.00; 1.00; 0.00; 0.00; 1; -0.0054; 0.0001; 1.0098; 14.4522; 0.0006; 6.3712; 2.5015; 0.0001; 1.1192
23; 0.9698; 0.0017; 0.0000; 0.0000; 0.5247; 0.4604; 0.0046; 0.4479; 1885889.17; 31272.49; 3079665.88; 1828935.31; 304.99; 3049928.11; 0.0000; 0.0000; 0.0000; 1.0000; 0.0000; 0.0000; 0.00; 0.00; 0.00; 0.00; 0.00; 0.00; 1.00; 0.00; 0.00; 1; 0.0003; 0.0001; 0.9878; 14.5677; 0.0006; 6.3547; 2.4967; 0.0001; 1.1153
24; 0.9736; 0.0016; 0.0000; 0.0000; 0.5247; 0.4592; 0.0045; 0.4448; 2447943.43; 35802.97; 3532721.16; 2383317.72; 350.78; 3507798.42; 0.0000; 0.0000; 0.0000; 1.0000; 0.0000; 0.0000; 0.00; 0.00; 0.00; 0.00; 0.00; 0.00; 1.00; 0.00; 0.00; 1; 0.0008; 0.0001; 0.9920; 14.3755; 0.0006; 6.3168; 2.5092; 0.0001; 1.1122
25; 0.9775; 0.0015; 0.0000; 0.0000; 0.5247; 0.4612; 0.0045; 0.4426; 3048579.27; 39348.74; 3890354.49; 2979986.24; 387.28; 3872817.63; 0.0000; 0.0000; 0.0000; 1.0000; 0.0000; 0.0000; 0.00; 0.00; 0.00; 0.00; 0.00; 0.00; 1.00; 0.00; 0.00; 1; 0.0127; 0.0001; 0.9871; 14.4859; 0.0006; 6.3804; 2.5145; 0.0001; 1.1175
26; 0.9806; 0.0014; 0.0000; 0.0000; 0.5247; 0.4553; 0.0046; 0.4502; 3692582.25; 42411.78; 4199837.19; 3620946.16; 419.00; 4189967.20; 0.0000; 0.0000; 0.0000; 1.0000; 0.0000; 0.0000; 0.00; 0.00; 0.00; 0.00; 0.00; 0.00; 1.00; 0.00; 0.00; 1; -0.0027; 0.0001; 0.9978; 14.5220; 0.0006; 6.3370; 2.5011; 0.0001; 1.1162
27; 0.9824; 0.0013; 0.0000; 0.0000; 0.5247; 0.4545; 0.0045; 0.4458; 4343488.11; 44326.76; 4393495.32; 4267042.72; 439.20; 4391954.71; 0.0000; 0.0000; 0.0000; 1.0000; 0.0000; 0.0000; 0.00; 0.00; 0.00; 0.00; 0.00; 0.00; 1.00; 0.00; 0.00; 1; -0.0144; 0.0001; 1.0004; 14.5999; 0.0006; 6.3522; 2.5039; 0.0001; 1.1184
28; 0.9842; 0.0012; 0.0000; 0.0000; 0.5247; 0.4494; 0.0045; 0.4477; 4986562.47; 45685.55; 4532319.92; 4907774.78; 453.92; 4539167.31; 0.0000; 0.0000; 0.0000; 1.0000; 0.0000; 0.0000; 0.00; 0.00; 0.00; 0.00; 0.00; 0.00; 1.00; 0.00; 0.00; 1; 0.0047; 0.0001; 0.9980; 14.4887; 0.0006; 6.2833; 2.4941; 0.0001; 1.1181
29; 0.9862; 0.0012; 0.0000; 0.0000; 0.5247; 0.4475; 0.0044; 0.4387; 5612125.71; 46324.16; 4600341.12; 5534678.37; 461.52; 4615164.88; 0.0000; 0.0000; 0.0000; 1.0000; 0.0000; 0.0000; 0.00; 0.00; 0.00; 0.00; 0.00; 0.00; 1.00; 0.00; 0.00; 1; 0.0116; 0.0001; 0.9968; 14.4444; 0.0006; 6.3392; 2.4960; 0.0001; 1.1190
30; 0.9869; 0.0011; 0.0000; 0.0000; 0.5247; 0.4537; 0.0045; 0.4475; 6166462.67; 46015.21; 4571281.31; 6085682.01; 459.51; 4595051.08; 0.0000; 0.0000; 0.0000; 1.0000; 0.0000; 0.0000; 0.00; 0.00; 0.00; 0.00; 0.00; 0.00; 1.00; 0.00; 0.00; 1; 0.0171; 0.0001; 1.0048; 14.5782; 0.0006; 6.3515; 2.4994; 0.0001; 1.1220
31; 0.9891; 0.0010; 0.0000; 0.0000; 0.5247; 0.4530; 0.0044; 0.4385; 6675490.60; 45209.94; 4496287.18; 6602727.76; 452.51; 4525118.43; 0.0000; 0.0000; 0.0000; 1.0000; 0.0000; 0.0000; 0.00; 0.00; 0.00; 0.00; 0.00; 0.00; 1.00; 0.00; 0.00; 1; 0.0137; 0.0001; 1.0006; 14.4165; 0.0006; 6.3633; 2.5059; 0.0001; 1.1152
32; 0.9903; 0.0010; 0.0000; 0.0000; 0.5247; 0.4474; 0.0045; 0.4484; 7139558.11; 44099.74; 4388533.70; 7070304.39; 442.29; 4422905.00; 0.0000; 0.0000; 0.0000; 1.0000; 0.0000; 0.0000; 0.00; 0.00; 0.00; 0.00; 0.00; 0.00; 1.00; 0.00; 0.00; 1; 0.0032; 0.0001; 0.9990; 14.4745; 0.0006; 6.3591; 2.4936; 0.0001; 1.1132
33; 0.9913; 0.0009; 0.0000; 0.0000; 0.5247; 0.4497; 0.0043; 0.4325; 7570228.14; 42645.67; 4245975.44; 7504367.15; 428.55; 4285526.80; 0.0000; 0.0000; 0.0000; 1.0000; 0.0000; 0.0000; 0.00; 0.00; 0.00; 0.00; 0.00; 0.00; 1.00; 0.00; 0.00; 1; 0.0119; 0.0001; 1.0081; 14.4238; 0.0006; 6.3733; 2.5116; 0.0001; 1.1261
34; 0.9925; 0.0009; 0.0000; 0.0000; 0.5247; 0.4435; 0.0045; 0.4468; 7942603.69; 41145.53; 4099094.30; 7883034.16; 414.08; 4140794.34; 0.0000; 0.0000; 0.0000; 1.0000; 0.0000; 0.0000; 0.00; 0.00; 0.00; 0.00; 0.00; 0.00; 1.00; 0.00; 0.00; 1; 0.0003; 0.0001; 1.0014; 14.5769; 0.0006; 6.3173; 2.4994; 0.0001; 1.1199
35; 0.9936; 0.0008; 0.0000; 0.0000; 0.5247; 0.4411; 0.0044; 0.4394; 8267978.03; 39422.75; 3929639.51; 8215062.97; 397.21; 3972149.49; 0.0000; 0.0000; 0.0000; 1.0000; 0.0000; 0.0000; 0.00; 0.00; 0.00; 0.00; 0.00; 0.00; 1.00; 0.00; 0.00; 1; -0.0130; 0.0001; 1.0006; 14.5018; 0.0006; 6.3416; 2.5033; 0.0001; 1.1224
36; 0.9942; 0.0008; 0.0000; 0.0000; 0.5247; 0.4495; 0.0044; 0.4384; 8568846.86; 37548.41; 3743935.72; 8519147.55; 378.94; 3789351.63; 0.0000; 0.0000; 0.0000; 1.0000; 0.0000; 0.0000; 0.00; 0.00; 0.00; 0.00; 0.00; 0.00; 1.00; 0.00; 0.00; 1; -0.0074; 0.0001; 1.0012; 14.4663; 0.0006; 6.2769; 2.4953; 0.0001; 1.1235
37; 0.9946; 0.0007; 0.0000; 0.0000; 0.5247; 0.4486; 0.0044; 0.4394; 8815046.93; 35760.90; 3566421.12; 8767445.67; 361.50; 3614975.98; 0.0000; 0.0000; 0.0000; 1.0000; 0.0000; 0.0000; 0.00; 0.00; 0.00; 0.00; 0.00; 0.00; 1.00; 0.00; 0.00; 1; -0.0047; 0.0001; 0.9880; 14.4535; 0.0006; 6.3533; 2.4946; 0.0001; 1.1173
38; 0.9951; 0.0007; 0.0000; 0.0000; 0.5247; 0.4362; 0.0045; 0.4478; 9019873.36; 34253.59; 3416956.75; 8975675.98; 346.63; 3466283.07; 0.0000; 0.0000; 0.0000; 1.0000; 0.0000; 0.0000; 0.00; 0.00; 0.00; 0.00; 0.00; 0.00; 1.00; 0.00; 0.00; 1; -0.0151; 0.0001; 1.0004; 14.4388; 0.0006; 6.3063; 2.4942; 0.0001; 1.1166
39; 0.9960; 0.0006; 0.0000; 0.0000; 0.5247; 0.4393; 0.0044; 0.4436; 9175181.29; 32712.42; 3264693.33; 9138480.57; 330.92; 3309230.69; 0.0000; 0.0000; 0.0000; 1.0000; 0.0000; 0.0000; 0.00; 0.00; 0.00; 0.00; 0.00; 0.00; 1.00; 0.00; 0.00; 1; 0.0192; 0.0001; 1.0123; 14.4614; 0.0006; 6.3311; 2.4914; 0.0001; 1.1224
40; 0.9966; 0.0006; 0.0000; 0.0000; 0.5247; 0.4463; 0.0045; 0.4466; 9318594.18; 31370.75; 3131737.87; 9286910.96; 317.31; 3173121.65; 0.0000; 0.0000; 0.0000; 1.0000; 0.0000; 0.0000; 0.00; 0.00; 0.00; 0.00; 0.00; 0.00; 1.00; 0.00; 0.00; 1; -0.0015; 0.0001; 1.0084; 14.5035; 0.0006; 6.3306; 2.4912; 0.0001; 1.1172
41; 0.9970; 0.0005; 0.0000; 0.0000; 0.5247; 0.4603; 0.0044; 0.4362; 9465397.13; 29758.95; 2971427.45; 9437000.94; 301.18; 3011792.16; 0.0000; 0.0000; 0.0000; 1.0000; 0.0000; 0.0000; 0.00; 0.00; 0.00; 0.00; 0.00; 0.00; 1.00; 0.00; 0.00; 1; -0.0076; 0.0001; 0.9975; 14.3916; 0.0006; 6.3453; 2.4797; 0.0001; 1.1193
42; 0.9972; 0.0005; 0.0000; 0.0000; 0.5247; 0.4454; 0.0044; 0.4421; 9565614.86; 28490.30; 2845038.25; 9538831.14; 288.57; 2885669.32; 0.0000; 0.0000; 0.0000; 1.0000; 0.0000; 0.0000; 0.00; 0.00; 0.00; 0.00; 0.00; 0.00; 1.00; 0.00; 0.00; 1; 0.0034; 0.0001; 1.0062; 14.5825; 0.0006; 6.3193; 2.4861; 0.0001; 1.1167
43; 0.9974; 0.0005; 0.0000; 0.0000; 0.5247; 0.4422; 0.0045; 0.4450; 9641850.02; 27516.26; 2748046.51; 9616781.21; 278.81; 2788051.01; 0.0000; 0.0000; 0.0000; 1.0000; 0.0000; 0.0000; 0.00; 0.00; 0.00; 0.00; 0.00; 0.00; 1.00; 0.00; 0.00; 1; 0.0126; 0.0001; 0.9818; 14.5175; 0.0006; 6.3322; 2.4857; 0.0001; 1.1109
44; 0.9976; 0.0005; 0.0000; 0.0000; 0.5247; 0.4415; 0.0045; 0.4448; 9722756.71; 26730.09; 2669799.88; 9699422.10; 270.87; 2708704.09; 0.0000; 0.0000; 0.0000; 1.0000; 0.0000; 0.0000; 0.00; 0.00; 0.00; 0.00; 0.00; 0.00; 1.00; 0.00; 0.00; 1; -0.0008; 0.0001; 0.9990; 14.6130; 0.0006; 6.3853; 2.5194; 0.0001; 1.1168
45; 0.9979; 0.0005; 0.0000; 0.0000; 0.5247; 0.4478; 0.0044; 0.4416; 9770561.00; 25914.89; 2588766.77; 9750042.82; 262.44; 2624444.99; 0.0000; 0.0000; 0.0000; 1.0000; 0.0000; 0.0000; 0.00; 0.00; 0.00; 0.00; 0.00; 0.00; 1.00; 0.00; 0.00; 1; -0.0115; 0.0001; 1.0050; 14.5589; 0.0006; 6.3354; 2.4931; 0.0001; 1.1210
46; 0.9980; 0.0004; 0.0000; 0.0000; 0.5247; 0.4441; 0.0045; 0.4456; 9811901.52; 25271.43; 2524614.69; 9792277.72; 255.99; 2559904.61; 0.0000; 0.0000; 0.0000; 1.0000; 0.0000; 0.0000; 0.00; 0.00; 0.00; 0.00; 0.00; 0.00; 1.00; 0.00; 0.00; 1; 0.0033; 0.0001; 1.0029; 14.4774; 0.0006; 6.3819; 2.4844; 0.0001; 1.1224
47; 0.9982; 0.0004; 0.0000; 0.0000; 0.5247; 0.4437; 0.0044; 0.4415; 9877175.21; 24548.51; 2452640.71; 9859396.30; 248.59; 2485945.39; 0.0000; 0.0000; 0.0000; 1.0000; 0.0000; 0.0000; 0.00; 0.00; 0.00; 0.00; 0.00; 0.00; 1.00; 0.00; 0.00; 1; -0.0003; 0.0001; 1.0114; 14.5349; 0.0006; 6.3580; 2.4961; 0.0001; 1.1147
48; 0.9983; 0.0004; 0.0000; 0.0000; 0.5247; 0.4401; 0.0044; 0.4421; 9905203.56; 24036.01; 2401557.35; 9888364.72; 243.40; 2433967.40; 0.0000; 0.0000; 0.0000; 1.0000; 0.0000; 0.0000; 0.00; 0.00; 0.00; 0.00; 0.00; 0.00; 1.00; 0.00; 0.00; 1; -0.0057; 0.0001; 1.0031; 14.4234; 0.0006; 6.3066; 2.4854; 0.0001; 1.1163
49; 0.9984; 0.0004; 0.0000; 0.0000; 0.5247; 0.4416; 0.0044; 0.4393; 9952019.75; 23389.90; 2337117.60; 9936096.52; 236.89; 2368883.49; 0.0000; 0.0000; 0.0000; 1.0000; 0.0000; 0.0000; 0.00; 0.00; 0.00; 0.00; 0.00; 0.00; 1.00; 0.00; 0.00; 1; -0.0063; 0.0001; 0.9972; 14.6100; 0.0006; 6.3456; 2.5100; 0.0001; 1.1162
50; 0.9985; 0.0004; 0.0000; 0.0000; 0.5247; 0.4479; 0.0043; 0.4323; 10013246.38; 22552.50; 2253557.70; 9998226.51; 228.50; 2284970.64; 0.0000; 0.0000; 0.0000; 1.0000; 0.0000; 0.0000; 0.00; 0.00; 0.00; 0.00; 0.00; 0.00; 1.00; 0.00; 0.00; 1; 0.0049; 0.0001; 1.0109; 14.5385; 0.0006; 6.3410; 2.4875; 0.0001; 1.1193
Metapopulation
0; 1.0000; 0.0000; 0.0000; 0.0000; 0.5049;      0;      0;      0; 742.00; 0.00; 0.00; 742.00; 0.00; 0.00; 0.0000; 0.0000; 0.0000; 1.0000; 0.0000; 0.0000; 0.00; 0.00; 0.00; 0.00; 0.00; 0.00; 0.00; 0.00; 0.00; 0; 0.0002; 0.0001; 0.9933; 14.6004; 0.0006; 6.3100; 2.4934; 0.0001; 1.1105
1; 1.0000; 0.0000; 0.0000; 0.0000; 0.5049; 0.2017; 0.0050; 0.5042; 1013.44; 4.30; 430.43; 1013.44; 0.04; 430.43; 0.0000; 0.0000; 0.0000; 1.0000; 0.0000; 0.0000; 0.00; 0.00; 0.00; 0.00; 0.00; 0.00; 0.00; 0.00; 0.00; 0; 0.0005; 0.0001; 0.9861; 14.6018; 0.0006; 6.3060; 2.4987; 0.0001; 1.1208
2; 1.0000; 0.0000; 0.0000; 0.0000; 0.5049; 0.1291; 0.0051; 0.5072; 1281.23; 8.10; 809.88; 1281.23; 0.08; 809.88; 0.0000; 0.0000; 0.0000; 1.0000; 0.0000; 0.0000; 0.00; 0.00; 0.00; 0.00; 0.00; 0.00; 0.00; 0.00; 0.00; 0; 0.0128; 0.0001; 1.0030; 14.5587; 0.0006; 6.3692; 2.5041; 0.0001; 1.1185
3; 1.0000; 0.0000; 0.0000; 0.0000; 0.5049; 0.1443; 0.0050; 0.4997; 1628.51; 13.09; 1309.05; 1628.51; 0.13; 1309.05; 0.0000; 0.0000; 0.0000; 1.0000; 0.0000; 0.0000; 0.00; 0.00; 0.00; 0.00; 0.00; 0.00; 0.00; 0.00; 0.00; 0; 0.0045; 0.0001; 0.9892; 14.5424; 0.0006; 6.3344; 2.4914; 0.0001; 1.1179
4; 1.0000; 0.0000; 0.0000; 0.0000; 0.5049; 0.1623; 0.0049; 0.4950; 2091.24; 19.88; 1988.46; 2091.24; 0.20; 1988.46; 0.0000; 0.0000; 0.0000; 1.0000; 0.0000; 0.0000; 0.00; 0.00; 0.00; 0.00; 0.00; 0.00; 0.00; 0.00; 0.00; 0; 0.0007; 0.0001; 1.0025; 14.4960; 0.0006; 6.3268; 2.5045; 0.0001; 1.1165
5; 1.0000; 0.0000; 0.0000; 0.0000; 0.5049; 0.1398; 0.0050; 0.4953; 2637.17; 28.92; 2891.56; 2637.17; 0.29; 2891.56; 0.0000; 0.0000; 0.0000; 1.0000; 0.0000; 0.0000; 0.00; 0.00; 0.00; 0.00; 0.00; 0.00; 0.00; 0.00; 0.00; 0; -0.0133; 0.0001; 1.0040; 14.5130; 0.0006; 6.3360; 2.4782; 0.0001; 1.1170
6; 1.0000; 0.0000; 0.0000; 0.0000; 0.5049; 0.1563; 0.0049; 0.4926; 3370.74; 42.11; 4211.14; 3370.74; 0.42; 4211.14; 0.0000; 0.0000; 0.0000; 1.0000; 0.0000; 0.0000; 0.00; 0.00; 0.00; 0.00; 0.00; 0.00; 0.00; 0.00; 0.00; 0; 0.0087; 0.0001; 0.9922; 14.3985; 0.0006; 6.3375; 2.5013; 0.0001; 1.1169
7; 1.0000; 0.0000; 0.0000; 0.0000; 0.5049; 0.1837; 0.0049; 0.4852; 4390.08; 61.09; 6109.07; 4390.08; 0.61; 6109.07; 0.0000; 0.0000; 0.0000; 1.0000; 0.0000; 0.0000; 0.00; 0.00; 0.00; 0.00; 0.00; 0.00; 0.00; 0.00; 0.00; 0; 0.0003; 0.0001; 0.9984; 14.4328; 0.0006; 6.3533; 2.4929; 0.0001; 1.1149
8; 1.0000; 0.0000; 0.0000; 0.0000; 0.5049; 0.2076; 0.0048; 0.4816; 5945.98; 91.16; 9115.93; 5945.98; 0.91; 9115.93; 0.0000; 0.0000; 0.0000; 1.0000; 0.0000; 0.0000; 0.00; 0.00; 0.00; 0.00; 0.00; 0.00; 0.00; 0.00; 0.00; 0; -0.0077; 0.0001; 1.0012; 14.4641; 0.0006; 6.3733; 2.4997; 0.0001; 1.1237
9; 1.0000; 0.0000; 0.0000; 0.0000; 0.5049; 0.2223; 0.0048; 0.4768; 8266.17; 136.08; 13607.60; 8266.17; 1.36; 13607.60; 0.0000; 0.0000; 0.0000; 1.0000; 0.0000; 0.0000; 0.00; 0.00; 0.00; 0.00; 0.00; 0.00; 0.00; 0.00; 0.00; 0; 0.0044; 0.0001; 1.0143; 14.5137; 0.0006; 6.3831; 2.4913; 0.0001; 1.1271
10; 1.0000; 0.0000; 0.0000; 0.0000; 0.5049; 0.2410; 0.0046; 0.4648; 11700.58; 213.69; 21368.52; 11700.58; 2.14; 21368.52; 0.0000; 0.0000; 0.0000; 1.0000; 0.0000; 0.0000; 0.00; 0.00; 0.00; 0.00; 0.00; 0.00; 0.00; 0.00; 0.00; 0; -0.0028; 0.0001; 1.0104; 14.5907; 0.0006; 6.3448; 2.4940; 0.0001; 1.1200
11; 1.0000; 0.0000; 0.0000; 0.0000; 0.5049; 0.2523; 0.0046; 0.4610; 16804.01; 332.20; 33219.90; 16804.01; 3.32; 33219.90; 0.0000; 0.0000; 0.0000; 1.0000; 0.0000; 0.0000; 0.00; 0.00; 0.00; 0.00; 0.00; 0.00; 0.00; 0.00; 0.00; 0; 0.0025; 0.0001; 1.0021; 14.5864; 0.0006; 6.3597; 2.4838; 0.0001; 1.1113
12; 1.0000; 0.0000; 0.0000; 0.0000; 0.5049; 0.2812; 0.0045; 0.4539; 24660.55; 513.35; 51334.96; 24660.55; 5.13; 51334.96; 0.0000; 0.0000; 0.0000; 1.0000; 0.0000; 0.0000; 0.00; 0.00; 0.00; 0.00; 0.00; 0.00; 0.00; 0.00; 0.00; 0; -0.0102; 0.0001; 1.0162; 14.5350; 0.0006; 6.3367; 2.5111; 0.0001; 1.1183
13; 1.0000; 0.0000; 0.0000; 0.0000; 0.5049; 0.2931; 0.0045; 0.4525; 36907.97; 815.57; 81556.66; 36907.97; 8.16; 81556.66; 0.0000; 0.0000; 0.0000; 1.0000; 0.0000; 0.0000; 0.00; 0.00; 0.00; 0.00; 0.00; 0.00; 0.00; 0.00; 0.00; 0; -0.0046; 0.0001; 0.9949; 14.5331; 0.0006; 6.3317; 2.4898; 0.0001; 1.1172
14; 1.0000; 0.0000; 0.0000; 0.0000; 0.5049; 0.3055; 0.0044; 0.4450; 55915.74; 1292.89; 129288.91; 55915.74; 12.93; 129288.91; 0.0000; 0.0000; 0.0000; 1.0000; 0.0000; 0.0000; 0.00; 0.00; 0.00; 0.00; 0.00; 0.00; 0.00; 0.00; 0.00; 0; -0.0097; 0.0001; 1.0078; 14.4260; 0.0006; 6.3585; 2.5077; 0.0001; 1.1224
15; 1.0000; 0.0000; 0.0000; 0.0000; 0.5049; 0.3272; 0.0044; 0.4369; 85136.18; 2037.19; 203719.41; 85136.18; 20.37; 203719.41; 0.0000; 0.0000; 0.0000; 1.0000; 0.0000; 0.0000; 0.00; 0.00; 0.00; 0.00; 0.00; 0.00; 0.00; 0.00; 0.00; 0; -0.0192; 0.0001; 0.9955; 14.4422; 0.0006; 6.3514; 2.4769; 0.0001; 1.1212
16; 1.0000; 0.0000; 0.0000; 0.0000; 0.5049; 0.3417; 0.0042; 0.4237; 129773.23; 3272.93; 327292.95; 129773.23; 32.73; 327292.95; 0.0000; 0.0000; 0.0000; 1.0000; 0.0000; 0.0000; 0.00; 0.00; 0.00; 0.00; 0.00; 0.00; 0.00; 0.00; 0.00; 0; -0.0103; 0.0001; 1.0048; 14.4629; 0.0006; 6.3214; 2.4750; 0.0001; 1.1187
17; 1.0000; 0.0000; 0.0000; 0.0000; 0.5049; 0.3517; 0.0043; 0.4263; 201821.25; 5262.67; 526266.51; 201821.25; 52.63; 526266.51; 0.0000; 0.0000; 0.0000; 1.0000; 0.0000; 0.0000; 0.00; 0.00; 0.00; 0.00; 0.00; 0.00; 0.00; 0.00; 0.00; 0; -0.0167; 0.0001; 1.0012; 14.5478; 0.0006; 6.2956; 2.5130; 0.0001; 1.1085
18; 1.0000; 0.0000; 0.0000; 0.0000; 0.5049; 0.3664; 0.0042; 0.4235; 317557.03; 8191.99; 819199.25; 317557.03; 81.92; 819199.25; 0.0000; 0.0000; 0.0000; 1.0000; 0.0000; 0.0000; 0.00; 0.00; 0.00; 0.00; 0.00; 0.00; 0.00; 0.00; 0.00; 0; 0.0176; 0.0001; 0.9989; 14.5597; 0.0006; 6.3694; 2.4892; 0.0001; 1.1171
19; 1.0000; 0.0000; 0.0000; 0.0000; 0.5049; 0.3677; 0.0042; 0.4245; 484007.74; 11974.80; 1197480.03; 484007.74; 119.75; 1197480.03; 0.0000; 0.0000; 0.0000; 1.0000; 0.0000; 0.0000; 0.00; 0.00; 0.00; 0.00; 0.00; 0.00; 0.00; 0.00; 0.00; 0; -0.0042; 0.0001; 1.0006; 14.4429; 0.0006; 6.3352; 2.4980; 0.0001; 1.1244
20; 1.0000; 0.0000; 0.0000; 0.0000; 0.5049; 0.3589; 0.0044; 0.4387; 715806.58; 16162.43; 1616243.42; 715806.58; 161.62; 1616243.42; 0.0000; 0.0000; 0.0000; 1.0000; 0.0000; 0.0000; 0.00; 0.00; 0.00; 0.00; 0.00; 0.00; 0.00; 0.00; 0.00; 0; -0.0089; 0.0001; 0.9862; 14.5395; 0.0006; 6.3469; 2.4616; 0.0001; 1.1159
21; 1.0000; 0.0000; 0.0000; 0.0000; 0.5049; 0.3698; 0.0044; 0.4409; 1037577.59; 21225.39; 2122538.85; 1037577.59; 212.25; 2122538.85; 0.0000; 0.0000; 0.0000; 1.0000; 0.0000; 0.0000; 0.00; 0.00; 0.00; 0.00; 0.00; 0.00; 0.00; 0.00; 0.00; 0; 0.0266; 0.0001; 0.9995; 14.5546; 0.0006; 6.3599; 2.4975; 0.0001; 1.1140
22; 1.0000; 0.0000; 0.0000; 0.0000; 0.5049; 0.3915; 0.0043; 0.4250; 1462834.17; 26658.15; 2665814.61; 1462834.17; 266.58; 2665814.61; 0.0000; 0.0000; 0.0000; 1.0000; 0.0000; 0.0000; 0.00; 0.00; 0.00; 0.00; 0.00; 0.00; 0.00; 0.00; 0.00; 0; -0.0054; 0.0001; 1.0098; 14.4522; 0.0006; 6.3712; 2.5015; 0.0001; 1.1192
23; 1.0000; 0.0000; 0.0000; 0.0000; 0.5049; 0.3883; 0.0044; 0.4376; 1960319.31; 31653.13; 3165312.64; 1960319.31; 316.53; 3165312.64; 0.0000; 0.0000; 0.0000; 1.0000; 0.0000; 0.0000; 0.00; 0.00; 0.00; 0.00; 0.00; 0.00; 0.00; 0.00; 0.00; 0; 0.0003; 0.0001; 0.9878; 14.5677; 0.0006; 6.3547; 2.4967; 0.0001; 1.1153
24; 1.0000; 0.0000; 0.0000; 0.0000; 0.5049; 0.3969; 0.0043; 0.4299; 2526141.19; 36255.64; 3625564.43; 2526141.19; 362.56; 3625564.43; 0.0000; 0.0000; 0.0000; 1.0000; 0.0000; 0.0000; 0.00; 0.00; 0.00; 0.00; 0.00; 0.00; 0.00; 0.00; 0.00; 0; 0.0008; 0.0001; 0.9920; 14.3755; 0.0006; 6.3168; 2.5092; 0.0001; 1.1122
25; 1.0000; 0.0000; 0.0000; 0.0000; 0.5049; 0.4096; 0.0043; 0.4305; 3134181.95; 39944.32; 3994431.79; 3134181.95; 399.44; 3994431.79; 0.0000; 0.0000; 0.0000; 1.0000; 0.0000; 0.0000; 0.00; 0.00; 0.00; 0.00; 0.00; 0.00; 0.00; 0.00; 0.00; 0; 0.0127; 0.0001; 0.9871; 14.4859; 0.0006; 6.3804; 2.5145; 0.0001; 1.1175
26; 1.0000; 0.0000; 0.0000; 0.0000; 0.5049; 0.4116; 0.0044; 0.4356; 3784433.47; 43121.99; 4312198.84; 3784433.47; 431.22; 4312198.84; 0.0000; 0.0000; 0.0000; 1.0000; 0.0000; 0.0000; 0.00; 0.00; 0.00; 0.00; 0.00; 0.00; 0.00; 0.00; 0.00; 0; -0.0027; 0.0001; 0.9978; 14.5220; 0.0006; 6.3370; 2.5011; 0.0001; 1.1162
27; 1.0000; 0.0000; 0.0000; 0.0000; 0.5049; 0.4159; 0.0044; 0.4362; 4440985.82; 45135.03; 4513503.38; 4440985.82; 451.35; 4513503.38; 0.0000; 0.0000; 0.0000; 1.0000; 0.0000; 0.0000; 0.00; 0.00; 0.00; 0.00; 0.00; 0.00; 0.00; 0.00; 0.00; 0; -0.0144; 0.0001; 1.0004; 14.5999; 0.0006; 6.3522; 2.5039; 0.0001; 1.1184
28; 1.0000; 0.0000; 0.0000; 0.0000; 0.5049; 0.4171; 0.0044; 0.4399; 5091594.84; 46587.02; 4658701.57; 5091594.84; 465.87; 4658701.57; 0.0000; 0.0000; 0.0000; 1.0000; 0.0000; 0.0000; 0.00; 0.00; 0.00; 0.00; 0.00; 0.00; 0.00; 0.00; 0.00; 0; 0.0047; 0.0001; 0.9980; 14.4887; 0.0006; 6.2833; 2.4941; 0.0001; 1.1181
29; 1.0000; 0.0000; 0.0000; 0.0000; 0.5049; 0.4200; 0.0043; 0.4316; 5728936.93; 47338.39; 4733839.03; 5728936.93; 473.38; 4733839.03; 0.0000; 0.0000; 0.0000; 1.0000; 0.0000; 0.0000; 0.00; 0.00; 0.00; 0.00; 0.00; 0.00; 0.00; 0.00; 0.00; 0; 0.0116; 0.0001; 0.9968; 14.4444; 0.0006; 6.3392; 2.4960; 0.0001; 1.1190
30; 1.0000; 0.0000; 0.0000; 0.0000; 0.5049; 0.4310; 0.0044; 0.4364; 6288953.78; 47106.48; 4710647.80; 6288953.78; 471.06; 4710647.80; 0.0000; 0.0000; 0.0000; 1.0000; 0.0000; 0.0000; 0.00; 0.00; 0.00; 0.00; 0.00; 0.00; 0.00; 0.00; 0.00; 0; 0.0171; 0.0001; 1.0048; 14.5782; 0.0006; 6.3515; 2.4994; 0.0001; 1.1220
31; 1.0000; 0.0000; 0.0000; 0.0000; 0.5049; 0.4324; 0.0043; 0.4309; 6815025.29; 46377.87; 4637787.14; 6815025.29; 463.78; 4637787.14; 0.0000; 0.0000; 0.0000; 1.0000; 0.0000; 0.0000; 0.00; 0.00; 0.00; 0.00; 0.00; 0.00; 0.00; 0.00; 0.00; 0; 0.0137; 0.0001; 1.0006; 14.4165; 0.0006; 6.3633; 2.5059; 0.0001; 1.1152
32; 1.0000; 0.0000; 0.0000; 0.0000; 0.5049; 0.4286; 0.0044; 0.4415; 7290476.80; 45323.91; 4532391.00; 7290476.80; 453.24; 4532391.00; 0.0000; 0.0000; 0.0000; 1.0000; 0.0000; 0.0000; 0.00; 0.00; 0.00; 0.00; 0.00; 0.00; 0.00; 0.00; 0.00; 0; 0.0032; 0.0001; 0.9990; 14.4745; 0.0006; 6.3591; 2.4936; 0.0001; 1.1132
33; 1.0000; 0.0000; 0.0000; 0.0000; 0.5049; 0.4331; 0.0043; 0.4261; 7732136.50; 43892.58; 4389258.35; 7732136.50; 438.93; 4389258.35; 0.0000; 0.0000; 0.0000; 1.0000; 0.0000; 0.0000; 0.00; 0.00; 0.00; 0.00; 0.00; 0.00; 0.00; 0.00; 0.00; 0; 0.0119; 0.0001; 1.0081; 14.4238; 0.0006; 6.3733; 2.5116; 0.0001; 1.1261
34; 1.0000; 0.0000; 0.0000; 0.0000; 0.5049; 0.4290; 0.0044; 0.4392; 8118797.65; 42403.84; 4240383.66; 8118797.65; 424.04; 4240383.66; 0.0000; 0.0000; 0.0000; 1.0000; 0.0000; 0.0000; 0.00; 0.00; 0.00; 0.00; 0.00; 0.00; 0.00; 0.00; 0.00; 0; 0.0003; 0.0001; 1.0014; 14.5769; 0.0006; 6.3173; 2.4994; 0.0001; 1.1199
35; 1.0000; 0.0000; 0.0000; 0.0000; 0.5049; 0.4278; 0.0043; 0.4324; 8457323.76; 40677.31; 4067730.95; 8457323.76; 406.77; 4067730.95; 0.0000; 0.0000; 0.0000; 1.0000; 0.0000; 0.0000; 0.00; 0.00; 0.00; 0.00; 0.00; 0.00; 0.00; 0.00; 0.00; 0; -0.0130; 0.0001; 1.0006; 14.5018; 0.0006; 6.3416; 2.5033; 0.0001; 1.1224
36; 1.0000; 0.0000; 0.0000; 0.0000; 0.5049; 0.4375; 0.0043; 0.4337; 8767571.41; 38803.03; 3880302.51; 8767571.41; 388.03; 3880302.51; 0.0000; 0.0000; 0.0000; 1.0000; 0.0000; 0.0000; 0.00; 0.00; 0.00; 0.00; 0.00; 0.00; 0.00; 0.00; 0.00; 0; -0.0074; 0.0001; 1.0012; 14.4663; 0.0006; 6.2769; 2.4953; 0.0001; 1.1235
37; 1.0000; 0.0000; 0.0000; 0.0000; 0.5049; 0.4382; 0.0043; 0.4327; 9022172.71; 37022.75; 3702275.49; 9022172.71; 370.23; 3702275.49; 0.0000; 0.0000; 0.0000; 1.0000; 0.0000; 0.0000; 0.00; 0.00; 0.00; 0.00; 0.00; 0.00; 0.00; 0.00; 0.00; 0; -0.0047; 0.0001; 0.9880; 14.4535; 0.0006; 6.3533; 2.4946; 0.0001; 1.1173
38; 1.0000; 0.0000; 0.0000; 0.0000; 0.5049; 0.4267; 0.0044; 0.4417; 9234187.66; 35485.12; 3548512.10; 9234187.66; 354.85; 3548512.10; 0.0000; 0.0000; 0.0000; 1.0000; 0.0000; 0.0000; 0.00; 0.00; 0.00; 0.00; 0.00; 0.00; 0.00; 0.00; 0.00; 0; -0.0151; 0.0001; 1.0004; 14.4388; 0.0006; 6.3063; 2.4942; 0.0001; 1.1166
39; 1.0000; 0.0000; 0.0000; 0.0000; 0.5049; 0.4305; 0.0044; 0.4380; 9401700.24; 33894.80; 3389480.47; 9401700.24; 338.95; 3389480.47; 0.0000; 0.0000; 0.0000; 1.0000; 0.0000; 0.0000; 0.00; 0.00; 0.00; 0.00; 0.00; 0.00; 0.00; 0.00; 0.00; 0; 0.0192; 0.0001; 1.0123; 14.4614; 0.0006; 6.3311; 2.4914; 0.0001; 1.1224
40; 1.0000; 0.0000; 0.0000; 0.0000; 0.5049; 0.4375; 0.0044; 0.4412; 9554437.98; 32492.14; 3249213.91; 9554437.98; 324.92; 3249213.91; 0.0000; 0.0000; 0.0000; 1.0000; 0.0000; 0.0000; 0.00; 0.00; 0.00; 0.00; 0.00; 0.00; 0.00; 0.00; 0.00; 0; -0.0015; 0.0001; 1.0084; 14.5035; 0.0006; 6.3306; 2.4912; 0.0001; 1.1172
41; 1.0000; 0.0000; 0.0000; 0.0000; 0.5049; 0.4519; 0.0043; 0.4299; 9710000.37; 30828.93; 3082893.36; 9710000.37; 308.29; 3082893.36; 0.0000; 0.0000; 0.0000; 1.0000; 0.0000; 0.0000; 0.00; 0.00; 0.00; 0.00; 0.00; 0.00; 0.00; 0.00; 0.00; 0; -0.0076; 0.0001; 0.9975; 14.3916; 0.0006; 6.3453; 2.4797; 0.0001; 1.1193
42; 1.0000; 0.0000; 0.0000; 0.0000; 0.5049; 0.4376; 0.0044; 0.4365; 9816503.64; 29559.52; 2955951.67; 9816503.64; 295.60; 2955951.67; 0.0000; 0.0000; 0.0000; 1.0000; 0.0000; 0.0000; 0.00; 0.00; 0.00; 0.00; 0.00; 0.00; 0.00; 0.00; 0.00; 0; 0.0034; 0.0001; 1.0062; 14.5825; 0.0006; 6.3193; 2.4861; 0.0001; 1.1167
43; 1.0000; 0.0000; 0.0000; 0.0000; 0.5049; 0.4353; 0.0044; 0.4381; 9898326.00; 28545.45; 2854544.69; 9898326.00; 285.45; 2854544.69; 0.0000; 0.0000; 0.0000; 1.0000; 0.0000; 0.0000; 0.00; 0.00; 0.00; 0.00; 0.00; 0.00; 0.00; 0.00; 0.00; 0; 0.0126; 0.0001; 0.9818; 14.5175; 0.0006; 6.3322; 2.4857; 0.0001; 1.1109
44; 1.0000; 0.0000; 0.0000; 0.0000; 0.5049; 0.4343; 0.0044; 0.4398; 9985003.64; 27716.06; 2771606.09; 9985003.64; 277.16; 2771606.09; 0.0000; 0.0000; 0.0000; 1.0000; 0.0000; 0.0000; 0.00; 0.00; 0.00; 0.00; 0.00; 0.00; 0.00; 0.00; 0.00; 0; -0.0008; 0.0001; 0.9990; 14.6130; 0.0006; 6.3853; 2.5194; 0.0001; 1.1168
45; 1.0000; 0.0000; 0.0000; 0.0000; 0.5049; 0.4408; 0.0044; 0.4354; 10041213.35; 26863.92; 2686391.92; 10041213.35; 268.64; 2686391.92; 0.0000; 0.0000; 0.0000; 1.0000; 0.0000; 0.0000; 0.00; 0.00; 0.00; 0.00; 0.00; 0.00; 0.00; 0.00; 0.00; 0; -0.0115; 0.0001; 1.0050; 14.5589; 0.0006; 6.3354; 2.4931; 0.0001; 1.1210
46; 1.0000; 0.0000; 0.0000; 0.0000; 0.5049; 0.4369; 0.0044; 0.4397; 10085840.16; 26213.86; 2621385.82; 10085840.16; 262.14; 2621385.82; 0.0000; 0.0000; 0.0000; 1.0000; 0.0000; 0.0000; 0.00; 0.00; 0.00; 0.00; 0.00; 0.00; 0.00; 0.00; 0.00; 0; 0.0033; 0.0001; 1.0029; 14.4774; 0.0006; 6.3819; 2.4844; 0.0001; 1.1224
47; 1.0000; 0.0000; 0.0000; 0.0000; 0.5049; 0.4372; 0.0044; 0.4352; 10155635.96; 25459.99; 2545998.91; 10155635.96; 254.60; 2545998.91; 0.0000; 0.0000; 0.0000; 1.0000; 0.0000; 0.0000; 0.00; 0.00; 0.00; 0.00; 0.00; 0.00; 0.00; 0.00; 0.00; 0; -0.0003; 0.0001; 1.0114; 14.5349; 0.0006; 6.3580; 2.4961; 0.0001; 1.1147
48; 1.0000; 0.0000; 0.0000; 0.0000; 0.5049; 0.4335; 0.0044; 0.4367; 10187459.54; 24926.18; 2492617.74; 10187459.54; 249.26; 2492617.74; 0.0000; 0.0000; 0.0000; 1.0000; 0.0000; 0.0000; 0.00; 0.00; 0.00; 0.00; 0.00; 0.00; 0.00; 0.00; 0.00; 0; -0.0057; 0.0001; 1.0031; 14.4234; 0.0006; 6.3066; 2.4854; 0.0001; 1.1163
49; 1.0000; 0.0000; 0.0000; 0.0000; 0.5049; 0.4360; 0.0043; 0.4324; 10241011.94; 24247.09; 2424708.53; 10241011.94; 242.47; 2424708.53; 0.0000; 0.0000; 0.0000; 1.0000; 0.0000; 0.0000; 0.00; 0.00; 0.00; 0.00; 0.00; 0.00; 0.00; 0.00; 0.00; 0; -0.0063; 0.0001; 0.9972; 14.6100; 0.0006; 6.3456; 2.5100; 0.0001; 1.1162
50; 1.0000; 0.0000; 0.0000; 0.0000; 0.5049; 0.4419; 0.0043; 0.4264; 10304943.98; 23355.82; 2335582.17; 10304943.98; 233.56; 2335582.17; 0.0000; 0.0000; 0.0000; 1.0000; 0.0000; 0.0000; 0.00; 0.00; 0.00; 0.00; 0.00; 0.00; 0.00; 0.00; 0.00; 0; 0.0049; 0.0001; 1.0109; 14.5385; 0.0006; 6.3410; 2.4875; 0.0001; 1.1193
