    Year (Census)
    Proportion of populations extant, SE
    Proportion of populations going extinct for the first time in year, SE
    Deterministic growth, Stochastic growth, SE, SD
    Mean population size (across extant populations), SE, SD
    Mean population size (across all populations), SE, SD
    Population-based model: No genetic data (12 skipped fields)



    Mean time to extinction, SE, SD
    Median time to extinction
    GSVars(3): Mean, SE, SD
Year;PExtant;SE(PExtant);PExtinct;SE(PExtinct);r-det;r-stoch;SE(r);SD(r);Nextant;SE(Nextant);SD(Nextant);Nall;SE(Nall);SD(Nall);Het;SE(Het);SD(Het);Inbr;SE(Inbr);SD(Inbr);Nalleles;SE(Nalleles);SD(Nalleles);Nlethals;SE(Nlethals);SD(Nlethals);TE;SE(TE);SD(TE);medTE;NRANDx;SE(NRANDx);SD(NRANDx);immigBord;SE(immigBord);SD(immigBord);immigSC;SE(immigSC);SD(immigSC)
baseline
Population 1: Border
0; 1.0000; 0.0000; 0.0000; 0.0000; 0.5247;      0;      0;      0; 632.00; 0.00; 0.00; 632.00; 0.00; 0.00; 0.0000; 0.0000; 0.0000; 1.0000; 0.0000; 0.0000; 0.00; 0.00; 0.00; 0.00; 0.00; 0.00; 0.00; 0.00; 0.00; 0; 0.0033; 0.0001; 1.0038; 14.5338; 0.0006; 6.3540; 2.4959; 0.0001; 1.1218
1; 1.0000; 0.0000; 0.0000; 0.0000; 0.5247; 0.4131; 0.0043; 0.4334; 1035.31; 3.76; 375.71; 1035.31; 0.04; 375.71; 0.0000; 0.0000; 0.0000; 1.0000; 0.0000; 0.0000; 0.00; 0.00; 0.00; 0.00; 0.00; 0.00; 0.00; 0.00; 0.00; 0; -0.0078; 0.0001; 1.0029; 14.4827; 0.0006; 6.3426; 2.4926; 0.0001; 1.1130
2; 1.0000; 0.0000; 0.0000; 0.0000; 0.5247; 0.4085; 0.0044; 0.4364; 1686.58; 8.85; 884.59; 1686.58; 0.09; 884.59; 0.0000; 0.0000; 0.0000; 1.0000; 0.0000; 0.0000; 0.00; 0.00; 0.00; 0.00; 0.00; 0.00; 0.00; 0.00; 0.00; 0; 0.0012; 0.0001; 1.0128; 14.5746; 0.0006; 6.3438; 2.4864; 0.0001; 1.1202
3; 1.0000; 0.0000; 0.0000; 0.0000; 0.5247; 0.4049; 0.0044; 0.4418; 2736.53; 18.01; 1801.39; 2736.53; 0.18; 1801.39; 0.0000; 0.0000; 0.0000; 1.0000; 0.0000; 0.0000; 0.00; 0.00; 0.00; 0.00; 0.00; 0.00; 0.00; 0.00; 0.00; 0; 0.0084; 0.0001; 0.9994; 14.3983; 0.0006; 6.3546; 2.4937; 0.0001; 1.1318
4; 1.0000; 0.0000; 0.0000; 0.0000; 0.5247; 0.4009; 0.0044; 0.4424; 4426.31; 34.76; 3475.57; 4426.31; 0.35; 3475.57; 0.0000; 0.0000; 0.0000; 1.0000; 0.0000; 0.0000; 0.00; 0.00; 0.00; 0.00; 0.00; 0.00; 0.00; 0.00; 0.00; 0; -0.0113; 0.0001; 1.0065; 14.3340; 0.0006; 6.3282; 2.4901; 0.0001; 1.1214
5; 1.0000; 0.0000; 0.0000; 0.0000; 0.5247; 0.4050; 0.0044; 0.4419; 7180.73; 65.27; 6527.49; 7180.73; 0.65; 6527.49; 0.0000; 0.0000; 0.0000; 1.0000; 0.0000; 0.0000; 0.00; 0.00; 0.00; 0.00; 0.00; 0.00; 0.00; 0.00; 0.00; 0; 0.0087; 0.0001; 1.0144; 14.4516; 0.0006; 6.3690; 2.4872; 0.0001; 1.1233
6; 1.0000; 0.0000; 0.0000; 0.0000; 0.5247; 0.3932; 0.0045; 0.4475; 11637.55; 121.51; 12150.54; 11637.55; 1.22; 12150.54; 0.0000; 0.0000; 0.0000; 1.0000; 0.0000; 0.0000; 0.00; 0.00; 0.00; 0.00; 0.00; 0.00; 0.00; 0.00; 0.00; 0; -0.0008; 0.0001; 1.0013; 14.4935; 0.0006; 6.3324; 2.5059; 0.0001; 1.1160
7; 1.0000; 0.0000; 0.0000; 0.0000; 0.5247; 0.3999; 0.0044; 0.4384; 18798.44; 218.53; 21853.16; 18798.44; 2.19; 21853.16; 0.0000; 0.0000; 0.0000; 1.0000; 0.0000; 0.0000; 0.00; 0.00; 0.00; 0.00; 0.00; 0.00; 0.00; 0.00; 0.00; 0; -0.0105; 0.0001; 0.9939; 14.4522; 0.0006; 6.3406; 2.4984; 0.0001; 1.1258
8; 1.0000; 0.0000; 0.0000; 0.0000; 0.5247; 0.4004; 0.0044; 0.4405; 30657.18; 402.09; 40208.89; 30657.18; 4.02; 40208.89; 0.0000; 0.0000; 0.0000; 1.0000; 0.0000; 0.0000; 0.00; 0.00; 0.00; 0.00; 0.00; 0.00; 0.00; 0.00; 0.00; 0; 0.0178; 0.0001; 1.0242; 14.5139; 0.0006; 6.3549; 2.5080; 0.0001; 1.1163
9; 1.0000; 0.0000; 0.0000; 0.0000; 0.5247; 0.4028; 0.0044; 0.4358; 48932.14; 674.80; 67480.08; 48932.14; 6.75; 67480.08; 0.0000; 0.0000; 0.0000; 1.0000; 0.0000; 0.0000; 0.00; 0.00; 0.00; 0.00; 0.00; 0.00; 0.00; 0.00; 0.00; 0; -0.0097; 0.0001; 0.9947; 14.5301; 0.0006; 6.3000; 2.4881; 0.0001; 1.1169
10; 1.0000; 0.0000; 0.0000; 0.0000; 0.5247; 0.3909; 0.0044; 0.4439; 76856.11; 1058.95; 105894.89; 76856.11; 10.59; 105894.89; 0.0000; 0.0000; 0.0000; 1.0000; 0.0000; 0.0000; 0.00; 0.00; 0.00; 0.00; 0.00; 0.00; 0.00; 0.00; 0.00; 0; 0.0071; 0.0001; 0.9983; 14.4253; 0.0006; 6.3646; 2.5083; 0.0001; 1.1179
11; 1.0000; 0.0000; 0.0000; 0.0000; 0.5247; 0.3942; 0.0044; 0.4410; 115039.05; 1470.27; 147027.00; 115039.05; 14.70; 147027.00; 0.0000; 0.0000; 0.0000; 1.0000; 0.0000; 0.0000; 0.00; 0.00; 0.00; 0.00; 0.00; 0.00; 0.00; 0.00; 0.00; 0; -0.0124; 0.0001; 1.0042; 14.4652; 0.0006; 6.3621; 2.5219; 0.0001; 1.1104
12; 1.0000; 0.0000; 0.0000; 0.0000; 0.5247; 0.3943; 0.0044; 0.4407; 163170.76; 1866.75; 186675.21; 163170.76; 18.67; 186675.21; 0.0000; 0.0000; 0.0000; 1.0000; 0.0000; 0.0000; 0.00; 0.00; 0.00; 0.00; 0.00; 0.00; 0.00; 0.00; 0.00; 0; 0.0032; 0.0001; 0.9790; 14.5411; 0.0006; 6.3752; 2.4950; 0.0001; 1.1223
13; 1.0000; 0.0000; 0.0000; 0.0000; 0.5247; 0.3999; 0.0044; 0.4390; 218225.44; 2193.90; 219389.89; 218225.44; 21.94; 219389.89; 0.0000; 0.0000; 0.0000; 1.0000; 0.0000; 0.0000; 0.00; 0.00; 0.00; 0.00; 0.00; 0.00; 0.00; 0.00; 0.00; 0; 0.0061; 0.0001; 1.0075; 14.4847; 0.0006; 6.3607; 2.5052; 0.0001; 1.1115
14; 1.0000; 0.0000; 0.0000; 0.0000; 0.5247; 0.3939; 0.0044; 0.4447; 273670.30; 2395.55; 239554.55; 273670.30; 23.96; 239554.55; 0.0000; 0.0000; 0.0000; 1.0000; 0.0000; 0.0000; 0.00; 0.00; 0.00; 0.00; 0.00; 0.00; 0.00; 0.00; 0.00; 0; 0.0000; 0.0001; 1.0171; 14.3602; 0.0006; 6.3139; 2.4917; 0.0001; 1.1197
15; 1.0000; 0.0000; 0.0000; 0.0000; 0.5247; 0.4015; 0.0044; 0.4410; 328383.32; 2499.76; 249975.75; 328383.32; 25.00; 249975.75; 0.0000; 0.0000; 0.0000; 1.0000; 0.0000; 0.0000; 0.00; 0.00; 0.00; 0.00; 0.00; 0.00; 0.00; 0.00; 0.00; 0; -0.0056; 0.0001; 0.9972; 14.5330; 0.0006; 6.3539; 2.5023; 0.0001; 1.1167
16; 1.0000; 0.0000; 0.0000; 0.0000; 0.5247; 0.3923; 0.0044; 0.4443; 377717.31; 2515.22; 251521.94; 377717.31; 25.15; 251521.94; 0.0000; 0.0000; 0.0000; 1.0000; 0.0000; 0.0000; 0.00; 0.00; 0.00; 0.00; 0.00; 0.00; 0.00; 0.00; 0.00; 0; -0.0103; 0.0001; 1.0022; 14.5418; 0.0006; 6.3788; 2.4862; 0.0001; 1.1129
17; 1.0000; 0.0000; 0.0000; 0.0000; 0.5247; 0.3934; 0.0045; 0.4519; 420201.19; 2468.30; 246830.15; 420201.19; 24.68; 246830.15; 0.0000; 0.0000; 0.0000; 1.0000; 0.0000; 0.0000; 0.00; 0.00; 0.00; 0.00; 0.00; 0.00; 0.00; 0.00; 0.00; 0; -0.0180; 0.0001; 1.0192; 14.4115; 0.0006; 6.3279; 2.4990; 0.0001; 1.1141
18; 1.0000; 0.0000; 0.0000; 0.0000; 0.5247; 0.3985; 0.0045; 0.4481; 456127.71; 2381.53; 238152.63; 456127.71; 23.82; 238152.63; 0.0000; 0.0000; 0.0000; 1.0000; 0.0000; 0.0000; 0.00; 0.00; 0.00; 0.00; 0.00; 0.00; 0.00; 0.00; 0.00; 0; 0.0024; 0.0001; 1.0082; 14.4829; 0.0006; 6.3384; 2.4935; 0.0001; 1.1203
19; 1.0000; 0.0000; 0.0000; 0.0000; 0.5247; 0.3979; 0.0045; 0.4459; 486263.24; 2258.76; 225875.57; 486263.24; 22.59; 225875.57; 0.0000; 0.0000; 0.0000; 1.0000; 0.0000; 0.0000; 0.00; 0.00; 0.00; 0.00; 0.00; 0.00; 0.00; 0.00; 0.00; 0; -0.0073; 0.0001; 0.9976; 14.5922; 0.0006; 6.3294; 2.5146; 0.0001; 1.1135
20; 1.0000; 0.0000; 0.0000; 0.0000; 0.5247; 0.3990; 0.0044; 0.4446; 512808.37; 2133.75; 213375.41; 512808.37; 21.34; 213375.41; 0.0000; 0.0000; 0.0000; 1.0000; 0.0000; 0.0000; 0.00; 0.00; 0.00; 0.00; 0.00; 0.00; 0.00; 0.00; 0.00; 0; 0.0044; 0.0001; 1.0027; 14.4914; 0.0006; 6.4003; 2.5058; 0.0001; 1.1249
21; 1.0000; 0.0000; 0.0000; 0.0000; 0.5247; 0.3957; 0.0044; 0.4450; 532351.86; 2004.88; 200487.63; 532351.86; 20.05; 200487.63; 0.0000; 0.0000; 0.0000; 1.0000; 0.0000; 0.0000; 0.00; 0.00; 0.00; 0.00; 0.00; 0.00; 0.00; 0.00; 0.00; 0; -0.0132; 0.0001; 1.0090; 14.4298; 0.0006; 6.3263; 2.4951; 0.0001; 1.1178
22; 1.0000; 0.0000; 0.0000; 0.0000; 0.5247; 0.4049; 0.0044; 0.4385; 549709.79; 1875.95; 187595.35; 549709.79; 18.76; 187595.35; 0.0000; 0.0000; 0.0000; 1.0000; 0.0000; 0.0000; 0.00; 0.00; 0.00; 0.00; 0.00; 0.00; 0.00; 0.00; 0.00; 0; 0.0130; 0.0001; 1.0087; 14.4836; 0.0006; 6.3291; 2.4989; 0.0001; 1.1167
23; 1.0000; 0.0000; 0.0000; 0.0000; 0.5247; 0.3960; 0.0044; 0.4442; 561959.59; 1766.88; 176688.39; 561959.59; 17.67; 176688.39; 0.0000; 0.0000; 0.0000; 1.0000; 0.0000; 0.0000; 0.00; 0.00; 0.00; 0.00; 0.00; 0.00; 0.00; 0.00; 0.00; 0; -0.0109; 0.0001; 0.9953; 14.4992; 0.0006; 6.4127; 2.4982; 0.0001; 1.1114
24; 1.0000; 0.0000; 0.0000; 0.0000; 0.5247; 0.3989; 0.0044; 0.4401; 572509.17; 1662.57; 166257.03; 572509.17; 16.63; 166257.03; 0.0000; 0.0000; 0.0000; 1.0000; 0.0000; 0.0000; 0.00; 0.00; 0.00; 0.00; 0.00; 0.00; 0.00; 0.00; 0.00; 0; 0.0005; 0.0001; 1.0074; 14.6059; 0.0006; 6.3333; 2.5003; 0.0001; 1.1133
25; 1.0000; 0.0000; 0.0000; 0.0000; 0.5247; 0.3905; 0.0045; 0.4488; 579930.35; 1594.20; 159419.73; 579930.35; 15.94; 159419.73; 0.0000; 0.0000; 0.0000; 1.0000; 0.0000; 0.0000; 0.00; 0.00; 0.00; 0.00; 0.00; 0.00; 0.00; 0.00; 0.00; 0; 0.0209; 0.0001; 1.0009; 14.3639; 0.0006; 6.3681; 2.4977; 0.0001; 1.1182
26; 1.0000; 0.0000; 0.0000; 0.0000; 0.5247; 0.3992; 0.0044; 0.4415; 585459.18; 1526.33; 152633.27; 585459.18; 15.26; 152633.27; 0.0000; 0.0000; 0.0000; 1.0000; 0.0000; 0.0000; 0.00; 0.00; 0.00; 0.00; 0.00; 0.00; 0.00; 0.00; 0.00; 0; -0.0046; 0.0001; 0.9984; 14.5228; 0.0006; 6.3229; 2.5133; 0.0001; 1.1130
27; 1.0000; 0.0000; 0.0000; 0.0000; 0.5247; 0.3951; 0.0044; 0.4426; 589744.36; 1467.89; 146788.54; 589744.36; 14.68; 146788.54; 0.0000; 0.0000; 0.0000; 1.0000; 0.0000; 0.0000; 0.00; 0.00; 0.00; 0.00; 0.00; 0.00; 0.00; 0.00; 0.00; 0; 0.0175; 0.0001; 0.9974; 14.5192; 0.0006; 6.3391; 2.5035; 0.0001; 1.1170
28; 1.0000; 0.0000; 0.0000; 0.0000; 0.5247; 0.3855; 0.0045; 0.4543; 591525.19; 1445.45; 144545.14; 591525.19; 14.45; 144545.14; 0.0000; 0.0000; 0.0000; 1.0000; 0.0000; 0.0000; 0.00; 0.00; 0.00; 0.00; 0.00; 0.00; 0.00; 0.00; 0.00; 0; 0.0062; 0.0001; 0.9978; 14.5360; 0.0006; 6.3492; 2.5048; 0.0001; 1.1140
29; 1.0000; 0.0000; 0.0000; 0.0000; 0.5247; 0.3925; 0.0044; 0.4446; 594267.88; 1403.17; 140317.13; 594267.88; 14.03; 140317.13; 0.0000; 0.0000; 0.0000; 1.0000; 0.0000; 0.0000; 0.00; 0.00; 0.00; 0.00; 0.00; 0.00; 0.00; 0.00; 0.00; 0; 0.0063; 0.0001; 0.9950; 14.4705; 0.0006; 6.3545; 2.4976; 0.0001; 1.1180
30; 1.0000; 0.0000; 0.0000; 0.0000; 0.5247; 0.3949; 0.0044; 0.4429; 596189.12; 1373.25; 137324.73; 596189.12; 13.73; 137324.73; 0.0000; 0.0000; 0.0000; 1.0000; 0.0000; 0.0000; 0.00; 0.00; 0.00; 0.00; 0.00; 0.00; 0.00; 0.00; 0.00; 0; 0.0000; 0.0001; 1.0068; 14.4076; 0.0006; 6.3976; 2.4927; 0.0001; 1.1196
31; 1.0000; 0.0000; 0.0000; 0.0000; 0.5247; 0.3925; 0.0044; 0.4413; 599033.32; 1371.69; 137169.36; 599033.32; 13.72; 137169.36; 0.0000; 0.0000; 0.0000; 1.0000; 0.0000; 0.0000; 0.00; 0.00; 0.00; 0.00; 0.00; 0.00; 0.00; 0.00; 0.00; 0; 0.0152; 0.0001; 1.0048; 14.5530; 0.0006; 6.3355; 2.5003; 0.0001; 1.1226
32; 1.0000; 0.0000; 0.0000; 0.0000; 0.5247; 0.3945; 0.0044; 0.4356; 599008.90; 1330.99; 133099.26; 599008.90; 13.31; 133099.26; 0.0000; 0.0000; 0.0000; 1.0000; 0.0000; 0.0000; 0.00; 0.00; 0.00; 0.00; 0.00; 0.00; 0.00; 0.00; 0.00; 0; -0.0114; 0.0001; 1.0002; 14.5437; 0.0006; 6.3899; 2.5099; 0.0001; 1.1271
33; 1.0000; 0.0000; 0.0000; 0.0000; 0.5247; 0.3920; 0.0044; 0.4412; 600643.81; 1314.65; 131465.14; 600643.81; 13.15; 131465.14; 0.0000; 0.0000; 0.0000; 1.0000; 0.0000; 0.0000; 0.00; 0.00; 0.00; 0.00; 0.00; 0.00; 0.00; 0.00; 0.00; 0; 0.0001; 0.0001; 1.0072; 14.4896; 0.0006; 6.3419; 2.5053; 0.0001; 1.1202
34; 1.0000; 0.0000; 0.0000; 0.0000; 0.5247; 0.3983; 0.0044; 0.4417; 601775.89; 1315.43; 131543.25; 601775.89; 13.15; 131543.25; 0.0000; 0.0000; 0.0000; 1.0000; 0.0000; 0.0000; 0.00; 0.00; 0.00; 0.00; 0.00; 0.00; 0.00; 0.00; 0.00; 0; 0.0110; 0.0001; 0.9956; 14.4466; 0.0006; 6.3254; 2.5022; 0.0001; 1.1192
35; 1.0000; 0.0000; 0.0000; 0.0000; 0.5247; 0.3939; 0.0044; 0.4421; 602707.81; 1305.05; 130504.95; 602707.81; 13.05; 130504.95; 0.0000; 0.0000; 0.0000; 1.0000; 0.0000; 0.0000; 0.00; 0.00; 0.00; 0.00; 0.00; 0.00; 0.00; 0.00; 0.00; 0; -0.0143; 0.0001; 0.9897; 14.4151; 0.0006; 6.3023; 2.5040; 0.0001; 1.1148
36; 1.0000; 0.0000; 0.0000; 0.0000; 0.5247; 0.4022; 0.0044; 0.4365; 602999.97; 1284.08; 128407.70; 602999.97; 12.84; 128407.70; 0.0000; 0.0000; 0.0000; 1.0000; 0.0000; 0.0000; 0.00; 0.00; 0.00; 0.00; 0.00; 0.00; 0.00; 0.00; 0.00; 0; -0.0105; 0.0001; 1.0137; 14.5065; 0.0006; 6.3382; 2.5022; 0.0001; 1.1156
37; 1.0000; 0.0000; 0.0000; 0.0000; 0.5247; 0.4016; 0.0044; 0.4444; 604731.29; 1288.07; 128807.30; 604731.29; 12.88; 128807.30; 0.0000; 0.0000; 0.0000; 1.0000; 0.0000; 0.0000; 0.00; 0.00; 0.00; 0.00; 0.00; 0.00; 0.00; 0.00; 0.00; 0; 0.0089; 0.0001; 1.0042; 14.5623; 0.0006; 6.3329; 2.5031; 0.0001; 1.1163
38; 1.0000; 0.0000; 0.0000; 0.0000; 0.5247; 0.3905; 0.0044; 0.4441; 603370.10; 1285.45; 128545.48; 603370.10; 12.85; 128545.48; 0.0000; 0.0000; 0.0000; 1.0000; 0.0000; 0.0000; 0.00; 0.00; 0.00; 0.00; 0.00; 0.00; 0.00; 0.00; 0.00; 0; -0.0134; 0.0001; 0.9979; 14.5211; 0.0006; 6.3035; 2.4849; 0.0001; 1.1119
39; 1.0000; 0.0000; 0.0000; 0.0000; 0.5247; 0.3940; 0.0044; 0.4442; 602965.83; 1277.48; 127748.31; 602965.83; 12.77; 127748.31; 0.0000; 0.0000; 0.0000; 1.0000; 0.0000; 0.0000; 0.00; 0.00; 0.00; 0.00; 0.00; 0.00; 0.00; 0.00; 0.00; 0; 0.0050; 0.0001; 1.0072; 14.4099; 0.0006; 6.3466; 2.4971; 0.0001; 1.1103
40; 1.0000; 0.0000; 0.0000; 0.0000; 0.5247; 0.3899; 0.0045; 0.4473; 603304.32; 1286.04; 128604.06; 603304.32; 12.86; 128604.06; 0.0000; 0.0000; 0.0000; 1.0000; 0.0000; 0.0000; 0.00; 0.00; 0.00; 0.00; 0.00; 0.00; 0.00; 0.00; 0.00; 0; 0.0124; 0.0001; 1.0059; 14.4174; 0.0006; 6.2993; 2.4813; 0.0001; 1.1243
41; 1.0000; 0.0000; 0.0000; 0.0000; 0.5247; 0.3998; 0.0044; 0.4373; 604929.04; 1266.65; 126665.08; 604929.04; 12.67; 126665.08; 0.0000; 0.0000; 0.0000; 1.0000; 0.0000; 0.0000; 0.00; 0.00; 0.00; 0.00; 0.00; 0.00; 0.00; 0.00; 0.00; 0; -0.0069; 0.0001; 1.0042; 14.4359; 0.0006; 6.3608; 2.5184; 0.0001; 1.1232
42; 1.0000; 0.0000; 0.0000; 0.0000; 0.5247; 0.4016; 0.0044; 0.4423; 605974.85; 1276.39; 127639.33; 605974.85; 12.76; 127639.33; 0.0000; 0.0000; 0.0000; 1.0000; 0.0000; 0.0000; 0.00; 0.00; 0.00; 0.00; 0.00; 0.00; 0.00; 0.00; 0.00; 0; 0.0007; 0.0001; 0.9964; 14.5963; 0.0006; 6.3631; 2.4958; 0.0001; 1.1143
43; 1.0000; 0.0000; 0.0000; 0.0000; 0.5247; 0.3946; 0.0044; 0.4426; 604285.46; 1274.66; 127466.39; 604285.46; 12.75; 127466.39; 0.0000; 0.0000; 0.0000; 1.0000; 0.0000; 0.0000; 0.00; 0.00; 0.00; 0.00; 0.00; 0.00; 0.00; 0.00; 0.00; 0; -0.0046; 0.0001; 1.0016; 14.5355; 0.0006; 6.3858; 2.4966; 0.0001; 1.1175
44; 1.0000; 0.0000; 0.0000; 0.0000; 0.5247; 0.3986; 0.0044; 0.4392; 605280.14; 1276.11; 127610.90; 605280.14; 12.76; 127610.90; 0.0000; 0.0000; 0.0000; 1.0000; 0.0000; 0.0000; 0.00; 0.00; 0.00; 0.00; 0.00; 0.00; 0.00; 0.00; 0.00; 0; -0.0040; 0.0001; 1.0087; 14.5163; 0.0006; 6.3797; 2.4971; 0.0001; 1.1139
45; 1.0000; 0.0000; 0.0000; 0.0000; 0.5247; 0.4045; 0.0043; 0.4333; 605377.90; 1261.83; 126183.33; 605377.90; 12.62; 126183.33; 0.0000; 0.0000; 0.0000; 1.0000; 0.0000; 0.0000; 0.00; 0.00; 0.00; 0.00; 0.00; 0.00; 0.00; 0.00; 0.00; 0; 0.0031; 0.0001; 1.0017; 14.5601; 0.0006; 6.2756; 2.4907; 0.0001; 1.1163
46; 1.0000; 0.0000; 0.0000; 0.0000; 0.5247; 0.3936; 0.0045; 0.4450; 603061.61; 1282.60; 128259.88; 603061.61; 12.83; 128259.88; 0.0000; 0.0000; 0.0000; 1.0000; 0.0000; 0.0000; 0.00; 0.00; 0.00; 0.00; 0.00; 0.00; 0.00; 0.00; 0.00; 0; 0.0038; 0.0001; 0.9905; 14.4753; 0.0006; 6.3745; 2.5114; 0.0001; 1.1255
47; 1.0000; 0.0000; 0.0000; 0.0000; 0.5247; 0.3887; 0.0045; 0.4505; 602836.82; 1300.62; 130061.73; 602836.82; 13.01; 130061.73; 0.0000; 0.0000; 0.0000; 1.0000; 0.0000; 0.0000; 0.00; 0.00; 0.00; 0.00; 0.00; 0.00; 0.00; 0.00; 0.00; 0; -0.0036; 0.0001; 0.9819; 14.4048; 0.0006; 6.3360; 2.5001; 0.0001; 1.1144
48; 1.0000; 0.0000; 0.0000; 0.0000; 0.5247; 0.4022; 0.0043; 0.4350; 603444.07; 1280.86; 128086.49; 603444.07; 12.81; 128086.49; 0.0000; 0.0000; 0.0000; 1.0000; 0.0000; 0.0000; 0.00; 0.00; 0.00; 0.00; 0.00; 0.00; 0.00; 0.00; 0.00; 0; -0.0010; 0.0001; 1.0062; 14.4591; 0.0006; 6.3843; 2.4926; 0.0001; 1.1240
49; 1.0000; 0.0000; 0.0000; 0.0000; 0.5247; 0.3964; 0.0044; 0.4426; 603434.68; 1292.54; 129254.31; 603434.68; 12.93; 129254.31; 0.0000; 0.0000; 0.0000; 1.0000; 0.0000; 0.0000; 0.00; 0.00; 0.00; 0.00; 0.00; 0.00; 0.00; 0.00; 0.00; 0; 0.0010; 0.0001; 1.0028; 14.5029; 0.0006; 6.3452; 2.4963; 0.0001; 1.1229
50; 1.0000; 0.0000; 0.0000; 0.0000; 0.5247; 0.3976; 0.0044; 0.4442; 602662.72; 1293.27; 129327.41; 602662.72; 12.93; 129327.41; 0.0000; 0.0000; 0.0000; 1.0000; 0.0000; 0.0000; 0.00; 0.00; 0.00; 0.00; 0.00; 0.00; 0.00; 0.00; 0.00; 0; -0.0165; 0.0001; 1.0057; 14.4915; 0.0006; 6.2962; 2.4968; 0.0001; 1.1148
Population 2: South Coast
0; 1.0000; 0.0000; 0.0000; 0.0000; 0.5247;      0;      0;      0; 110.00; 0.00; 0.00; 110.00; 0.00; 0.00; 0.0000; 0.0000; 0.0000; 1.0000; 0.0000; 0.0000; 0.00; 0.00; 0.00; 0.00; 0.00; 0.00; 0.00; 0.00; 0.00; 0; 0.0033; 0.0001; 1.0038; 14.5338; 0.0006; 6.3540; 2.4959; 0.0001; 1.1218
1; 1.0000; 0.0000; 0.0000; 0.0000; 0.5247; 0.6915; 0.0039; 0.3852; 234.78; 0.80; 79.87; 234.78; 0.01; 79.87; 0.0000; 0.0000; 0.0000; 1.0000; 0.0000; 0.0000; 0.00; 0.00; 0.00; 0.00; 0.00; 0.00; 0.00; 0.00; 0.00; 0; -0.0078; 0.0001; 1.0029; 14.4827; 0.0006; 6.3426; 2.4926; 0.0001; 1.1130
2; 1.0000; 0.0000; 0.0000; 0.0000; 0.5247; 0.6368; 0.0040; 0.4014; 472.81; 2.30; 230.12; 472.81; 0.02; 230.12; 0.0000; 0.0000; 0.0000; 1.0000; 0.0000; 0.0000; 0.00; 0.00; 0.00; 0.00; 0.00; 0.00; 0.00; 0.00; 0.00; 0; 0.0012; 0.0001; 1.0128; 14.5746; 0.0006; 6.3438; 2.4864; 0.0001; 1.1202
3; 1.0000; 0.0000; 0.0000; 0.0000; 0.5247; 0.6069; 0.0041; 0.4084; 916.81; 5.42; 541.55; 916.81; 0.05; 541.55; 0.0000; 0.0000; 0.0000; 1.0000; 0.0000; 0.0000; 0.00; 0.00; 0.00; 0.00; 0.00; 0.00; 0.00; 0.00; 0.00; 0; 0.0084; 0.0001; 0.9994; 14.3983; 0.0006; 6.3546; 2.4937; 0.0001; 1.1318
4; 1.0000; 0.0000; 0.0000; 0.0000; 0.5247; 0.5719; 0.0040; 0.4038; 1708.88; 11.65; 1164.97; 1708.88; 0.12; 1164.97; 0.0000; 0.0000; 0.0000; 1.0000; 0.0000; 0.0000; 0.00; 0.00; 0.00; 0.00; 0.00; 0.00; 0.00; 0.00; 0.00; 0; -0.0113; 0.0001; 1.0065; 14.3340; 0.0006; 6.3282; 2.4901; 0.0001; 1.1214
5; 1.0000; 0.0000; 0.0000; 0.0000; 0.5247; 0.5360; 0.0041; 0.4134; 3088.39; 24.32; 2432.01; 3088.39; 0.24; 2432.01; 0.0000; 0.0000; 0.0000; 1.0000; 0.0000; 0.0000; 0.00; 0.00; 0.00; 0.00; 0.00; 0.00; 0.00; 0.00; 0.00; 0; 0.0087; 0.0001; 1.0144; 14.4516; 0.0006; 6.3690; 2.4872; 0.0001; 1.1233
6; 1.0000; 0.0000; 0.0000; 0.0000; 0.5247; 0.5131; 0.0042; 0.4189; 5498.74; 49.43; 4943.10; 5498.74; 0.49; 4943.10; 0.0000; 0.0000; 0.0000; 1.0000; 0.0000; 0.0000; 0.00; 0.00; 0.00; 0.00; 0.00; 0.00; 0.00; 0.00; 0.00; 0; -0.0008; 0.0001; 1.0013; 14.4935; 0.0006; 6.3324; 2.5059; 0.0001; 1.1160
7; 1.0000; 0.0000; 0.0000; 0.0000; 0.5247; 0.5007; 0.0042; 0.4245; 9679.61; 97.38; 9738.37; 9679.61; 0.97; 9738.37; 0.0000; 0.0000; 0.0000; 1.0000; 0.0000; 0.0000; 0.00; 0.00; 0.00; 0.00; 0.00; 0.00; 0.00; 0.00; 0.00; 0; -0.0105; 0.0001; 0.9939; 14.4522; 0.0006; 6.3406; 2.4984; 0.0001; 1.1258
8; 1.0000; 0.0000; 0.0000; 0.0000; 0.5247; 0.4938; 0.0042; 0.4184; 16957.56; 189.52; 18951.86; 16957.56; 1.90; 18951.86; 0.0000; 0.0000; 0.0000; 1.0000; 0.0000; 0.0000; 0.00; 0.00; 0.00; 0.00; 0.00; 0.00; 0.00; 0.00; 0.00; 0; 0.0178; 0.0001; 1.0242; 14.5139; 0.0006; 6.3549; 2.5080; 0.0001; 1.1163
9; 1.0000; 0.0000; 0.0000; 0.0000; 0.5247; 0.4915; 0.0042; 0.4211; 29615.68; 363.74; 36374.08; 29615.68; 3.64; 36374.08; 0.0000; 0.0000; 0.0000; 1.0000; 0.0000; 0.0000; 0.00; 0.00; 0.00; 0.00; 0.00; 0.00; 0.00; 0.00; 0.00; 0; -0.0097; 0.0001; 0.9947; 14.5301; 0.0006; 6.3000; 2.4881; 0.0001; 1.1169
10; 1.0000; 0.0000; 0.0000; 0.0000; 0.5247; 0.4804; 0.0043; 0.4328; 51004.99; 654.79; 65479.03; 51004.99; 6.55; 65479.03; 0.0000; 0.0000; 0.0000; 1.0000; 0.0000; 0.0000; 0.00; 0.00; 0.00; 0.00; 0.00; 0.00; 0.00; 0.00; 0.00; 0; 0.0071; 0.0001; 0.9983; 14.4253; 0.0006; 6.3646; 2.5083; 0.0001; 1.1179
11; 1.0000; 0.0000; 0.0000; 0.0000; 0.5247; 0.4688; 0.0043; 0.4332; 84637.66; 1056.35; 105634.83; 84637.66; 10.56; 105634.83; 0.0000; 0.0000; 0.0000; 1.0000; 0.0000; 0.0000; 0.00; 0.00; 0.00; 0.00; 0.00; 0.00; 0.00; 0.00; 0.00; 0; -0.0124; 0.0001; 1.0042; 14.4652; 0.0006; 6.3621; 2.5219; 0.0001; 1.1104
12; 1.0000; 0.0000; 0.0000; 0.0000; 0.5247; 0.4740; 0.0043; 0.4287; 132939.88; 1494.27; 149426.81; 132939.88; 14.94; 149426.81; 0.0000; 0.0000; 0.0000; 1.0000; 0.0000; 0.0000; 0.00; 0.00; 0.00; 0.00; 0.00; 0.00; 0.00; 0.00; 0.00; 0; 0.0032; 0.0001; 0.9790; 14.5411; 0.0006; 6.3752; 2.4950; 0.0001; 1.1223
13; 1.0000; 0.0000; 0.0000; 0.0000; 0.5247; 0.4722; 0.0043; 0.4296; 194825.15; 1882.45; 188245.22; 194825.15; 18.82; 188245.22; 0.0000; 0.0000; 0.0000; 1.0000; 0.0000; 0.0000; 0.00; 0.00; 0.00; 0.00; 0.00; 0.00; 0.00; 0.00; 0.00; 0; 0.0061; 0.0001; 1.0075; 14.4847; 0.0006; 6.3607; 2.5052; 0.0001; 1.1115
14; 1.0000; 0.0000; 0.0000; 0.0000; 0.5247; 0.4605; 0.0043; 0.4302; 261708.19; 2141.58; 214158.24; 261708.19; 21.42; 214158.24; 0.0000; 0.0000; 0.0000; 1.0000; 0.0000; 0.0000; 0.00; 0.00; 0.00; 0.00; 0.00; 0.00; 0.00; 0.00; 0.00; 0; 0.0000; 0.0001; 1.0171; 14.3602; 0.0006; 6.3139; 2.4917; 0.0001; 1.1197
15; 1.0000; 0.0000; 0.0000; 0.0000; 0.5247; 0.4613; 0.0043; 0.4312; 327368.17; 2247.26; 224726.02; 327368.17; 22.47; 224726.02; 0.0000; 0.0000; 0.0000; 1.0000; 0.0000; 0.0000; 0.00; 0.00; 0.00; 0.00; 0.00; 0.00; 0.00; 0.00; 0.00; 0; -0.0056; 0.0001; 0.9972; 14.5330; 0.0006; 6.3539; 2.5023; 0.0001; 1.1167
16; 1.0000; 0.0000; 0.0000; 0.0000; 0.5247; 0.4573; 0.0043; 0.4279; 385284.81; 2209.71; 220971.47; 385284.81; 22.10; 220971.47; 0.0000; 0.0000; 0.0000; 1.0000; 0.0000; 0.0000; 0.00; 0.00; 0.00; 0.00; 0.00; 0.00; 0.00; 0.00; 0.00; 0; -0.0103; 0.0001; 1.0022; 14.5418; 0.0006; 6.3788; 2.4862; 0.0001; 1.1129
17; 1.0000; 0.0000; 0.0000; 0.0000; 0.5247; 0.4519; 0.0043; 0.4254; 435000.48; 2094.52; 209452.45; 435000.48; 20.95; 209452.45; 0.0000; 0.0000; 0.0000; 1.0000; 0.0000; 0.0000; 0.00; 0.00; 0.00; 0.00; 0.00; 0.00; 0.00; 0.00; 0.00; 0; -0.0180; 0.0001; 1.0192; 14.4115; 0.0006; 6.3279; 2.4990; 0.0001; 1.1141
18; 1.0000; 0.0000; 0.0000; 0.0000; 0.5247; 0.4456; 0.0044; 0.4415; 472638.72; 1942.06; 194206.16; 472638.72; 19.42; 194206.16; 0.0000; 0.0000; 0.0000; 1.0000; 0.0000; 0.0000; 0.00; 0.00; 0.00; 0.00; 0.00; 0.00; 0.00; 0.00; 0.00; 0; 0.0024; 0.0001; 1.0082; 14.4829; 0.0006; 6.3384; 2.4935; 0.0001; 1.1203
19; 1.0000; 0.0000; 0.0000; 0.0000; 0.5247; 0.4420; 0.0043; 0.4301; 501370.75; 1769.39; 176939.15; 501370.75; 17.69; 176939.15; 0.0000; 0.0000; 0.0000; 1.0000; 0.0000; 0.0000; 0.00; 0.00; 0.00; 0.00; 0.00; 0.00; 0.00; 0.00; 0.00; 0; -0.0073; 0.0001; 0.9976; 14.5922; 0.0006; 6.3294; 2.5146; 0.0001; 1.1135
20; 1.0000; 0.0000; 0.0000; 0.0000; 0.5247; 0.4506; 0.0043; 0.4316; 522871.07; 1592.88; 159287.95; 522871.07; 15.93; 159287.95; 0.0000; 0.0000; 0.0000; 1.0000; 0.0000; 0.0000; 0.00; 0.00; 0.00; 0.00; 0.00; 0.00; 0.00; 0.00; 0.00; 0; 0.0044; 0.0001; 1.0027; 14.4914; 0.0006; 6.4003; 2.5058; 0.0001; 1.1249
21; 1.0000; 0.0000; 0.0000; 0.0000; 0.5247; 0.4476; 0.0043; 0.4263; 538847.82; 1443.49; 144349.47; 538847.82; 14.43; 144349.47; 0.0000; 0.0000; 0.0000; 1.0000; 0.0000; 0.0000; 0.00; 0.00; 0.00; 0.00; 0.00; 0.00; 0.00; 0.00; 0.00; 0; -0.0132; 0.0001; 1.0090; 14.4298; 0.0006; 6.3263; 2.4951; 0.0001; 1.1178
22; 1.0000; 0.0000; 0.0000; 0.0000; 0.5247; 0.4495; 0.0043; 0.4262; 549555.25; 1326.40; 132639.83; 549555.25; 13.26; 132639.83; 0.0000; 0.0000; 0.0000; 1.0000; 0.0000; 0.0000; 0.00; 0.00; 0.00; 0.00; 0.00; 0.00; 0.00; 0.00; 0.00; 0; 0.0130; 0.0001; 1.0087; 14.4836; 0.0006; 6.3291; 2.4989; 0.0001; 1.1167
23; 1.0000; 0.0000; 0.0000; 0.0000; 0.5247; 0.4480; 0.0043; 0.4266; 558122.02; 1225.05; 122504.64; 558122.02; 12.25; 122504.64; 0.0000; 0.0000; 0.0000; 1.0000; 0.0000; 0.0000; 0.00; 0.00; 0.00; 0.00; 0.00; 0.00; 0.00; 0.00; 0.00; 0; -0.0109; 0.0001; 0.9953; 14.4992; 0.0006; 6.4127; 2.4982; 0.0001; 1.1114
24; 1.0000; 0.0000; 0.0000; 0.0000; 0.5247; 0.4471; 0.0043; 0.4320; 562752.49; 1158.13; 115813.28; 562752.49; 11.58; 115813.28; 0.0000; 0.0000; 0.0000; 1.0000; 0.0000; 0.0000; 0.00; 0.00; 0.00; 0.00; 0.00; 0.00; 0.00; 0.00; 0.00; 0; 0.0005; 0.0001; 1.0074; 14.6059; 0.0006; 6.3333; 2.5003; 0.0001; 1.1133
25; 1.0000; 0.0000; 0.0000; 0.0000; 0.5247; 0.4420; 0.0043; 0.4335; 565384.76; 1120.24; 112023.82; 565384.76; 11.20; 112023.82; 0.0000; 0.0000; 0.0000; 1.0000; 0.0000; 0.0000; 0.00; 0.00; 0.00; 0.00; 0.00; 0.00; 0.00; 0.00; 0.00; 0; 0.0209; 0.0001; 1.0009; 14.3639; 0.0006; 6.3681; 2.4977; 0.0001; 1.1182
26; 1.0000; 0.0000; 0.0000; 0.0000; 0.5247; 0.4516; 0.0042; 0.4248; 568858.56; 1055.61; 105560.86; 568858.56; 10.56; 105560.86; 0.0000; 0.0000; 0.0000; 1.0000; 0.0000; 0.0000; 0.00; 0.00; 0.00; 0.00; 0.00; 0.00; 0.00; 0.00; 0.00; 0; -0.0046; 0.0001; 0.9984; 14.5228; 0.0006; 6.3229; 2.5133; 0.0001; 1.1130
27; 1.0000; 0.0000; 0.0000; 0.0000; 0.5247; 0.4406; 0.0043; 0.4333; 569180.57; 1062.25; 106224.86; 569180.57; 10.62; 106224.86; 0.0000; 0.0000; 0.0000; 1.0000; 0.0000; 0.0000; 0.00; 0.00; 0.00; 0.00; 0.00; 0.00; 0.00; 0.00; 0.00; 0; 0.0175; 0.0001; 0.9974; 14.5192; 0.0006; 6.3391; 2.5035; 0.0001; 1.1170
28; 1.0000; 0.0000; 0.0000; 0.0000; 0.5247; 0.4426; 0.0043; 0.4292; 570936.90; 1055.75; 105575.16; 570936.90; 10.56; 105575.16; 0.0000; 0.0000; 0.0000; 1.0000; 0.0000; 0.0000; 0.00; 0.00; 0.00; 0.00; 0.00; 0.00; 0.00; 0.00; 0.00; 0; 0.0062; 0.0001; 0.9978; 14.5360; 0.0006; 6.3492; 2.5048; 0.0001; 1.1140
29; 1.0000; 0.0000; 0.0000; 0.0000; 0.5247; 0.4468; 0.0043; 0.4329; 570298.09; 1042.77; 104276.57; 570298.09; 10.43; 104276.57; 0.0000; 0.0000; 0.0000; 1.0000; 0.0000; 0.0000; 0.00; 0.00; 0.00; 0.00; 0.00; 0.00; 0.00; 0.00; 0.00; 0; 0.0063; 0.0001; 0.9950; 14.4705; 0.0006; 6.3545; 2.4976; 0.0001; 1.1180
30; 1.0000; 0.0000; 0.0000; 0.0000; 0.5247; 0.4507; 0.0042; 0.4233; 571879.64; 1022.86; 102285.99; 571879.64; 10.23; 102285.99; 0.0000; 0.0000; 0.0000; 1.0000; 0.0000; 0.0000; 0.00; 0.00; 0.00; 0.00; 0.00; 0.00; 0.00; 0.00; 0.00; 0; 0.0000; 0.0001; 1.0068; 14.4076; 0.0006; 6.3976; 2.4927; 0.0001; 1.1196
31; 1.0000; 0.0000; 0.0000; 0.0000; 0.5247; 0.4493; 0.0043; 0.4251; 572809.35; 1013.18; 101318.14; 572809.35; 10.13; 101318.14; 0.0000; 0.0000; 0.0000; 1.0000; 0.0000; 0.0000; 0.00; 0.00; 0.00; 0.00; 0.00; 0.00; 0.00; 0.00; 0.00; 0; 0.0152; 0.0001; 1.0048; 14.5530; 0.0006; 6.3355; 2.5003; 0.0001; 1.1226
32; 1.0000; 0.0000; 0.0000; 0.0000; 0.5247; 0.4454; 0.0043; 0.4264; 573169.63; 1019.50; 101949.86; 573169.63; 10.19; 101949.86; 0.0000; 0.0000; 0.0000; 1.0000; 0.0000; 0.0000; 0.00; 0.00; 0.00; 0.00; 0.00; 0.00; 0.00; 0.00; 0.00; 0; -0.0114; 0.0001; 1.0002; 14.5437; 0.0006; 6.3899; 2.5099; 0.0001; 1.1271
33; 1.0000; 0.0000; 0.0000; 0.0000; 0.5247; 0.4444; 0.0042; 0.4235; 573068.05; 1012.27; 101227.38; 573068.05; 10.12; 101227.38; 0.0000; 0.0000; 0.0000; 1.0000; 0.0000; 0.0000; 0.00; 0.00; 0.00; 0.00; 0.00; 0.00; 0.00; 0.00; 0.00; 0; 0.0001; 0.0001; 1.0072; 14.4896; 0.0006; 6.3419; 2.5053; 0.0001; 1.1202
34; 1.0000; 0.0000; 0.0000; 0.0000; 0.5247; 0.4475; 0.0043; 0.4294; 573296.99; 1022.65; 102265.42; 573296.99; 10.23; 102265.42; 0.0000; 0.0000; 0.0000; 1.0000; 0.0000; 0.0000; 0.00; 0.00; 0.00; 0.00; 0.00; 0.00; 0.00; 0.00; 0.00; 0; 0.0110; 0.0001; 0.9956; 14.4466; 0.0006; 6.3254; 2.5022; 0.0001; 1.1192
35; 1.0000; 0.0000; 0.0000; 0.0000; 0.5247; 0.4479; 0.0042; 0.4202; 574030.03; 995.90; 99589.53; 574030.03; 9.96; 99589.53; 0.0000; 0.0000; 0.0000; 1.0000; 0.0000; 0.0000; 0.00; 0.00; 0.00; 0.00; 0.00; 0.00; 0.00; 0.00; 0.00; 0; -0.0143; 0.0001; 0.9897; 14.4151; 0.0006; 6.3023; 2.5040; 0.0001; 1.1148
36; 1.0000; 0.0000; 0.0000; 0.0000; 0.5247; 0.4527; 0.0042; 0.4229; 574620.87; 999.44; 99944.18; 574620.87; 9.99; 99944.18; 0.0000; 0.0000; 0.0000; 1.0000; 0.0000; 0.0000; 0.00; 0.00; 0.00; 0.00; 0.00; 0.00; 0.00; 0.00; 0.00; 0; -0.0105; 0.0001; 1.0137; 14.5065; 0.0006; 6.3382; 2.5022; 0.0001; 1.1156
37; 1.0000; 0.0000; 0.0000; 0.0000; 0.5247; 0.4478; 0.0043; 0.4295; 573639.40; 1008.01; 100801.00; 573639.40; 10.08; 100801.00; 0.0000; 0.0000; 0.0000; 1.0000; 0.0000; 0.0000; 0.00; 0.00; 0.00; 0.00; 0.00; 0.00; 0.00; 0.00; 0.00; 0; 0.0089; 0.0001; 1.0042; 14.5623; 0.0006; 6.3329; 2.5031; 0.0001; 1.1163
38; 1.0000; 0.0000; 0.0000; 0.0000; 0.5247; 0.4424; 0.0043; 0.4300; 572363.91; 1018.01; 101801.45; 572363.91; 10.18; 101801.45; 0.0000; 0.0000; 0.0000; 1.0000; 0.0000; 0.0000; 0.00; 0.00; 0.00; 0.00; 0.00; 0.00; 0.00; 0.00; 0.00; 0; -0.0134; 0.0001; 0.9979; 14.5211; 0.0006; 6.3035; 2.4849; 0.0001; 1.1119
39; 1.0000; 0.0000; 0.0000; 0.0000; 0.5247; 0.4473; 0.0043; 0.4288; 572339.36; 1021.25; 102125.41; 572339.36; 10.21; 102125.41; 0.0000; 0.0000; 0.0000; 1.0000; 0.0000; 0.0000; 0.00; 0.00; 0.00; 0.00; 0.00; 0.00; 0.00; 0.00; 0.00; 0; 0.0050; 0.0001; 1.0072; 14.4099; 0.0006; 6.3466; 2.4971; 0.0001; 1.1103
40; 1.0000; 0.0000; 0.0000; 0.0000; 0.5247; 0.4378; 0.0044; 0.4354; 570491.46; 1031.74; 103174.20; 570491.46; 10.32; 103174.20; 0.0000; 0.0000; 0.0000; 1.0000; 0.0000; 0.0000; 0.00; 0.00; 0.00; 0.00; 0.00; 0.00; 0.00; 0.00; 0.00; 0; 0.0124; 0.0001; 1.0059; 14.4174; 0.0006; 6.2993; 2.4813; 0.0001; 1.1243
41; 1.0000; 0.0000; 0.0000; 0.0000; 0.5247; 0.4528; 0.0042; 0.4224; 573666.08; 1009.74; 100973.61; 573666.08; 10.10; 100973.61; 0.0000; 0.0000; 0.0000; 1.0000; 0.0000; 0.0000; 0.00; 0.00; 0.00; 0.00; 0.00; 0.00; 0.00; 0.00; 0.00; 0; -0.0069; 0.0001; 1.0042; 14.4359; 0.0006; 6.3608; 2.5184; 0.0001; 1.1232
42; 1.0000; 0.0000; 0.0000; 0.0000; 0.5247; 0.4480; 0.0043; 0.4324; 572149.37; 1021.79; 102178.96; 572149.37; 10.22; 102178.96; 0.0000; 0.0000; 0.0000; 1.0000; 0.0000; 0.0000; 0.00; 0.00; 0.00; 0.00; 0.00; 0.00; 0.00; 0.00; 0.00; 0; 0.0007; 0.0001; 0.9964; 14.5963; 0.0006; 6.3631; 2.4958; 0.0001; 1.1143
43; 1.0000; 0.0000; 0.0000; 0.0000; 0.5247; 0.4460; 0.0043; 0.4297; 573138.76; 1029.20; 102919.84; 573138.76; 10.29; 102919.84; 0.0000; 0.0000; 0.0000; 1.0000; 0.0000; 0.0000; 0.00; 0.00; 0.00; 0.00; 0.00; 0.00; 0.00; 0.00; 0.00; 0; -0.0046; 0.0001; 1.0016; 14.5355; 0.0006; 6.3858; 2.4966; 0.0001; 1.1175
44; 1.0000; 0.0000; 0.0000; 0.0000; 0.5247; 0.4479; 0.0043; 0.4283; 572893.08; 1031.42; 103142.48; 572893.08; 10.31; 103142.48; 0.0000; 0.0000; 0.0000; 1.0000; 0.0000; 0.0000; 0.00; 0.00; 0.00; 0.00; 0.00; 0.00; 0.00; 0.00; 0.00; 0; -0.0040; 0.0001; 1.0087; 14.5163; 0.0006; 6.3797; 2.4971; 0.0001; 1.1139
45; 1.0000; 0.0000; 0.0000; 0.0000; 0.5247; 0.4505; 0.0043; 0.4261; 572390.00; 1014.54; 101453.67; 572390.00; 10.15; 101453.67; 0.0000; 0.0000; 0.0000; 1.0000; 0.0000; 0.0000; 0.00; 0.00; 0.00; 0.00; 0.00; 0.00; 0.00; 0.00; 0.00; 0; 0.0031; 0.0001; 1.0017; 14.5601; 0.0006; 6.2756; 2.4907; 0.0001; 1.1163
46; 1.0000; 0.0000; 0.0000; 0.0000; 0.5247; 0.4432; 0.0044; 0.4357; 572496.51; 1032.06; 103206.24; 572496.51; 10.32; 103206.24; 0.0000; 0.0000; 0.0000; 1.0000; 0.0000; 0.0000; 0.00; 0.00; 0.00; 0.00; 0.00; 0.00; 0.00; 0.00; 0.00; 0; 0.0038; 0.0001; 0.9905; 14.4753; 0.0006; 6.3745; 2.5114; 0.0001; 1.1255
47; 1.0000; 0.0000; 0.0000; 0.0000; 0.5247; 0.4438; 0.0043; 0.4313; 571876.47; 1035.42; 103541.77; 571876.47; 10.35; 103541.77; 0.0000; 0.0000; 0.0000; 1.0000; 0.0000; 0.0000; 0.00; 0.00; 0.00; 0.00; 0.00; 0.00; 0.00; 0.00; 0.00; 0; -0.0036; 0.0001; 0.9819; 14.4048; 0.0006; 6.3360; 2.5001; 0.0001; 1.1144
48; 1.0000; 0.0000; 0.0000; 0.0000; 0.5247; 0.4471; 0.0043; 0.4326; 570372.78; 1034.85; 103485.16; 570372.78; 10.35; 103485.16; 0.0000; 0.0000; 0.0000; 1.0000; 0.0000; 0.0000; 0.00; 0.00; 0.00; 0.00; 0.00; 0.00; 0.00; 0.00; 0.00; 0; -0.0010; 0.0001; 1.0062; 14.4591; 0.0006; 6.3843; 2.4926; 0.0001; 1.1240
49; 1.0000; 0.0000; 0.0000; 0.0000; 0.5247; 0.4423; 0.0043; 0.4279; 572123.01; 1028.36; 102835.72; 572123.01; 10.28; 102835.72; 0.0000; 0.0000; 0.0000; 1.0000; 0.0000; 0.0000; 0.00; 0.00; 0.00; 0.00; 0.00; 0.00; 0.00; 0.00; 0.00; 0; 0.0010; 0.0001; 1.0028; 14.5029; 0.0006; 6.3452; 2.4963; 0.0001; 1.1229
50; 1.0000; 0.0000; 0.0000; 0.0000; 0.5247; 0.4535; 0.0042; 0.4248; 573041.23; 1013.49; 101349.40; 573041.23; 10.13; 101349.40; 0.0000; 0.0000; 0.0000; 1.0000; 0.0000; 0.0000; 0.00; 0.00; 0.00; 0.00; 0.00; 0.00; 0.00; 0.00; 0.00; 0; -0.0165; 0.0001; 1.0057; 14.4915; 0.0006; 6.2962; 2.4968; 0.0001; 1.1148
Population 3: RWA
0; 1.0000; 0.0000; 0.0000; 0.0000; 0.5247;      0;      0;      0; 0.00; 0.00; 0.00; 0.00; 0.00; 0.00; 0.0000; 0.0000; 0.0000; 1.0000; 0.0000; 0.0000; 0.00; 0.00; 0.00; 0.00; 0.00; 0.00; 0.00; 0.00; 0.00; 0; 0.0033; 0.0001; 1.0038; 14.5338; 0.0006; 6.3540; 2.4959; 0.0001; 1.1218
1; 0.0000; 0.0000; 1.0000; 0.0000; 0.5247;      0;      0;      0; 0.00; 0.00; 0.00; 0.00; 0.00; 0.00; 0.0000; 0.0000; 0.0000; 1.0000; 0.0000; 0.0000; 0.00; 0.00; 0.00; 0.00; 0.00; 0.00; 1.00; 0.00; 0.00; 1; -0.0078; 0.0001; 1.0029; 14.4827; 0.0006; 6.3426; 2.4926; 0.0001; 1.1130
2; 0.0000; 0.0000; 0.0000; 0.0000; 0.5247;      0;      0;      0; 0.00; 0.00; 0.00; 0.00; 0.00; 0.00; 0.0000; 0.0000; 0.0000; 1.0000; 0.0000; 0.0000; 0.00; 0.00; 0.00; 0.00; 0.00; 0.00; 1.00; 0.00; 0.00; 1; 0.0012; 0.0001; 1.0128; 14.5746; 0.0006; 6.3438; 2.4864; 0.0001; 1.1202
3; 0.0486; 0.0022; 0.0000; 0.0000; 0.5247;      0;      0;      0; 113.55; 1.85; 40.84; 5.52; 0.00; 26.02; 0.0000; 0.0000; 0.0000; 1.0000; 0.0000; 0.0000; 0.00; 0.00; 0.00; 0.00; 0.00; 0.00; 1.00; 0.00; 0.00; 1; 0.0084; 0.0001; 0.9994; 14.3983; 0.0006; 6.3546; 2.4937; 0.0001; 1.1318
4; 0.3311; 0.0047; 0.0000; 0.0000; 0.5247; 1.1569; 0.0235; 0.5183; 167.90; 2.14; 123.13; 55.59; 0.01; 106.13; 0.0000; 0.0000; 0.0000; 1.0000; 0.0000; 0.0000; 0.00; 0.00; 0.00; 0.00; 0.00; 0.00; 1.00; 0.00; 0.00; 1; -0.0113; 0.0001; 1.0065; 14.3340; 0.0006; 6.3282; 2.4901; 0.0001; 1.1214
5; 0.6279; 0.0048; 0.0000; 0.0000; 0.5247; 1.1374; 0.0085; 0.4897; 344.05; 4.13; 327.43; 216.03; 0.03; 308.18; 0.0000; 0.0000; 0.0000; 1.0000; 0.0000; 0.0000; 0.00; 0.00; 0.00; 0.00; 0.00; 0.00; 1.00; 0.00; 0.00; 1; 0.0087; 0.0001; 1.0144; 14.4516; 0.0006; 6.3690; 2.4872; 0.0001; 1.1233
6; 0.8099; 0.0039; 0.0000; 0.0000; 0.5247; 1.0241; 0.0061; 0.4865; 750.38; 8.99; 809.38; 607.73; 0.08; 785.65; 0.0000; 0.0000; 0.0000; 1.0000; 0.0000; 0.0000; 0.00; 0.00; 0.00; 0.00; 0.00; 0.00; 1.00; 0.00; 0.00; 1; -0.0008; 0.0001; 1.0013; 14.4935; 0.0006; 6.3324; 2.5059; 0.0001; 1.1160
7; 0.9101; 0.0029; 0.0000; 0.0000; 0.5247; 0.8971; 0.0053; 0.4757; 1600.31; 20.04; 1911.68; 1456.44; 0.19; 1880.30; 0.0000; 0.0000; 0.0000; 1.0000; 0.0000; 0.0000; 0.00; 0.00; 0.00; 0.00; 0.00; 0.00; 1.00; 0.00; 0.00; 1; -0.0105; 0.0001; 0.9939; 14.4522; 0.0006; 6.3406; 2.4984; 0.0001; 1.1258
8; 0.9569; 0.0020; 0.0000; 0.0000; 0.5247; 0.8209; 0.0046; 0.4422; 3393.06; 45.42; 4442.98; 3246.82; 0.44; 4400.46; 0.0000; 0.0000; 0.0000; 1.0000; 0.0000; 0.0000; 0.00; 0.00; 0.00; 0.00; 0.00; 0.00; 1.00; 0.00; 0.00; 1; 0.0178; 0.0001; 1.0242; 14.5139; 0.0006; 6.3549; 2.5080; 0.0001; 1.1163
9; 0.9801; 0.0014; 0.0000; 0.0000; 0.5247; 0.7536; 0.0044; 0.4334; 6968.74; 93.56; 9262.10; 6830.06; 0.92; 9220.97; 0.0000; 0.0000; 0.0000; 1.0000; 0.0000; 0.0000; 0.00; 0.00; 0.00; 0.00; 0.00; 0.00; 1.00; 0.00; 0.00; 1; -0.0097; 0.0001; 0.9947; 14.5301; 0.0006; 6.3000; 2.4881; 0.0001; 1.1169
10; 0.9899; 0.0010; 0.0000; 0.0000; 0.5247; 0.6910; 0.0044; 0.4330; 13991.11; 197.62; 19661.63; 13849.80; 1.96; 19612.05; 0.0000; 0.0000; 0.0000; 1.0000; 0.0000; 0.0000; 0.00; 0.00; 0.00; 0.00; 0.00; 0.00; 1.00; 0.00; 0.00; 1; 0.0071; 0.0001; 0.9983; 14.4253; 0.0006; 6.3646; 2.5083; 0.0001; 1.1179
11; 0.9948; 0.0007; 0.0000; 0.0000; 0.5247; 0.6524; 0.0042; 0.4220; 27414.64; 401.14; 40009.11; 27272.08; 4.00; 39953.63; 0.0000; 0.0000; 0.0000; 1.0000; 0.0000; 0.0000; 0.00; 0.00; 0.00; 0.00; 0.00; 0.00; 1.00; 0.00; 0.00; 1; -0.0124; 0.0001; 1.0042; 14.4652; 0.0006; 6.3621; 2.5219; 0.0001; 1.1104
12; 0.9977; 0.0005; 0.0000; 0.0000; 0.5247; 0.6284; 0.0042; 0.4150; 53130.04; 810.57; 80963.85; 53007.84; 8.09; 80910.72; 0.0000; 0.0000; 0.0000; 1.0000; 0.0000; 0.0000; 0.00; 0.00; 0.00; 0.00; 0.00; 0.00; 1.00; 0.00; 0.00; 1; 0.0032; 0.0001; 0.9790; 14.5411; 0.0006; 6.3752; 2.4950; 0.0001; 1.1223
13; 0.9989; 0.0003; 0.0000; 0.0000; 0.5247; 0.6094; 0.0041; 0.4115; 101063.10; 1601.54; 160066.39; 100951.93; 16.00; 160013.40; 0.0000; 0.0000; 0.0000; 1.0000; 0.0000; 0.0000; 0.00; 0.00; 0.00; 0.00; 0.00; 0.00; 1.00; 0.00; 0.00; 1; 0.0061; 0.0001; 1.0075; 14.4847; 0.0006; 6.3607; 2.5052; 0.0001; 1.1115
14; 0.9995; 0.0002; 0.0000; 0.0000; 0.5247; 0.5803; 0.0042; 0.4163; 183780.66; 2982.96; 298221.55; 183688.77; 29.82; 298175.28; 0.0000; 0.0000; 0.0000; 1.0000; 0.0000; 0.0000; 0.00; 0.00; 0.00; 0.00; 0.00; 0.00; 1.00; 0.00; 0.00; 1; 0.0000; 0.0001; 1.0171; 14.3602; 0.0006; 6.3139; 2.4917; 0.0001; 1.1197
15; 0.9998; 0.0001; 0.0000; 0.0000; 0.5247; 0.5620; 0.0043; 0.4274; 331742.16; 5590.26; 558969.65; 331675.81; 55.89; 558933.43; 0.0000; 0.0000; 0.0000; 1.0000; 0.0000; 0.0000; 0.00; 0.00; 0.00; 0.00; 0.00; 0.00; 1.00; 0.00; 0.00; 1; -0.0056; 0.0001; 0.9972; 14.5330; 0.0006; 6.3539; 2.5023; 0.0001; 1.1167
16; 1.0000; 0.0000; 0.0000; 0.0000; 0.5247; 0.5416; 0.0043; 0.4257; 576909.09; 9537.48; 953748.33; 576909.09; 95.37; 953748.33; 0.0000; 0.0000; 0.0000; 1.0000; 0.0000; 0.0000; 0.00; 0.00; 0.00; 0.00; 0.00; 0.00; 1.00; 0.00; 0.00; 1; -0.0103; 0.0001; 1.0022; 14.5418; 0.0006; 6.3788; 2.4862; 0.0001; 1.1129
17; 1.0000; 0.0000; 0.0000; 0.0000; 0.5247; 0.5238; 0.0043; 0.4293; 983170.21; 15512.75; 1551275.16; 983170.21; 155.13; 1551275.16; 0.0000; 0.0000; 0.0000; 1.0000; 0.0000; 0.0000; 0.00; 0.00; 0.00; 0.00; 0.00; 0.00; 1.00; 0.00; 0.00; 1; -0.0180; 0.0001; 1.0192; 14.4115; 0.0006; 6.3279; 2.4990; 0.0001; 1.1141
18; 1.0000; 0.0000; 0.0000; 0.0000; 0.5247; 0.5094; 0.0043; 0.4325; 1584060.10; 22572.05; 2257205.33; 1584060.10; 225.72; 2257205.33; 0.0000; 0.0000; 0.0000; 1.0000; 0.0000; 0.0000; 0.00; 0.00; 0.00; 0.00; 0.00; 0.00; 1.00; 0.00; 0.00; 1; 0.0024; 0.0001; 1.0082; 14.4829; 0.0006; 6.3384; 2.4935; 0.0001; 1.1203
19; 1.0000; 0.0000; 0.0000; 0.0000; 0.5247; 0.4980; 0.0043; 0.4300; 2360440.61; 29102.42; 2910242.43; 2360440.61; 291.02; 2910242.43; 0.0000; 0.0000; 0.0000; 1.0000; 0.0000; 0.0000; 0.00; 0.00; 0.00; 0.00; 0.00; 0.00; 1.00; 0.00; 0.00; 1; -0.0073; 0.0001; 0.9976; 14.5922; 0.0006; 6.3294; 2.5146; 0.0001; 1.1135
20; 1.0000; 0.0000; 0.0000; 0.0000; 0.5247; 0.4829; 0.0044; 0.4370; 3303419.33; 34714.66; 3471465.96; 3303419.33; 347.15; 3471465.96; 0.0000; 0.0000; 0.0000; 1.0000; 0.0000; 0.0000; 0.00; 0.00; 0.00; 0.00; 0.00; 0.00; 1.00; 0.00; 0.00; 1; 0.0044; 0.0001; 1.0027; 14.4914; 0.0006; 6.4003; 2.5058; 0.0001; 1.1249
21; 1.0000; 0.0000; 0.0000; 0.0000; 0.5247; 0.4672; 0.0044; 0.4376; 4315924.04; 38424.49; 3842448.68; 4315924.04; 384.24; 3842448.68; 0.0000; 0.0000; 0.0000; 1.0000; 0.0000; 0.0000; 0.00; 0.00; 0.00; 0.00; 0.00; 0.00; 1.00; 0.00; 0.00; 1; -0.0132; 0.0001; 1.0090; 14.4298; 0.0006; 6.3263; 2.4951; 0.0001; 1.1178
22; 1.0000; 0.0000; 0.0000; 0.0000; 0.5247; 0.4655; 0.0044; 0.4422; 5414569.98; 40654.28; 4065427.78; 5414569.98; 406.54; 4065427.78; 0.0000; 0.0000; 0.0000; 1.0000; 0.0000; 0.0000; 0.00; 0.00; 0.00; 0.00; 0.00; 0.00; 1.00; 0.00; 0.00; 1; 0.0130; 0.0001; 1.0087; 14.4836; 0.0006; 6.3291; 2.4989; 0.0001; 1.1167
23; 1.0000; 0.0000; 0.0000; 0.0000; 0.5247; 0.4618; 0.0043; 0.4322; 6444277.82; 40959.07; 4095906.92; 6444277.82; 409.59; 4095906.92; 0.0000; 0.0000; 0.0000; 1.0000; 0.0000; 0.0000; 0.00; 0.00; 0.00; 0.00; 0.00; 0.00; 1.00; 0.00; 0.00; 1; -0.0109; 0.0001; 0.9953; 14.4992; 0.0006; 6.4127; 2.4982; 0.0001; 1.1114
24; 1.0000; 0.0000; 0.0000; 0.0000; 0.5247; 0.4520; 0.0044; 0.4420; 7319467.70; 39600.36; 3960036.13; 7319467.70; 396.00; 3960036.13; 0.0000; 0.0000; 0.0000; 1.0000; 0.0000; 0.0000; 0.00; 0.00; 0.00; 0.00; 0.00; 0.00; 1.00; 0.00; 0.00; 1; 0.0005; 0.0001; 1.0074; 14.6059; 0.0006; 6.3333; 2.5003; 0.0001; 1.1133
25; 1.0000; 0.0000; 0.0000; 0.0000; 0.5247; 0.4512; 0.0044; 0.4415; 8044991.51; 37112.93; 3711292.95; 8044991.51; 371.13; 3711292.95; 0.0000; 0.0000; 0.0000; 1.0000; 0.0000; 0.0000; 0.00; 0.00; 0.00; 0.00; 0.00; 0.00; 1.00; 0.00; 0.00; 1; 0.0209; 0.0001; 1.0009; 14.3639; 0.0006; 6.3681; 2.4977; 0.0001; 1.1182
26; 1.0000; 0.0000; 0.0000; 0.0000; 0.5247; 0.4498; 0.0045; 0.4469; 8582107.53; 34244.12; 3424411.91; 8582107.53; 342.44; 3424411.91; 0.0000; 0.0000; 0.0000; 1.0000; 0.0000; 0.0000; 0.00; 0.00; 0.00; 0.00; 0.00; 0.00; 1.00; 0.00; 0.00; 1; -0.0046; 0.0001; 0.9984; 14.5228; 0.0006; 6.3229; 2.5133; 0.0001; 1.1130
27; 1.0000; 0.0000; 0.0000; 0.0000; 0.5247; 0.4450; 0.0044; 0.4407; 9024024.83; 31429.60; 3142960.27; 9024024.83; 314.30; 3142960.27; 0.0000; 0.0000; 0.0000; 1.0000; 0.0000; 0.0000; 0.00; 0.00; 0.00; 0.00; 0.00; 0.00; 1.00; 0.00; 0.00; 1; 0.0175; 0.0001; 0.9974; 14.5192; 0.0006; 6.3391; 2.5035; 0.0001; 1.1170
28; 1.0000; 0.0000; 0.0000; 0.0000; 0.5247; 0.4408; 0.0045; 0.4457; 9339297.36; 28752.53; 2875253.19; 9339297.36; 287.53; 2875253.19; 0.0000; 0.0000; 0.0000; 1.0000; 0.0000; 0.0000; 0.00; 0.00; 0.00; 0.00; 0.00; 0.00; 1.00; 0.00; 0.00; 1; 0.0062; 0.0001; 0.9978; 14.5360; 0.0006; 6.3492; 2.5048; 0.0001; 1.1140
29; 1.0000; 0.0000; 0.0000; 0.0000; 0.5247; 0.4498; 0.0044; 0.4374; 9619568.45; 26149.74; 2614973.83; 9619568.45; 261.50; 2614973.83; 0.0000; 0.0000; 0.0000; 1.0000; 0.0000; 0.0000; 0.00; 0.00; 0.00; 0.00; 0.00; 0.00; 1.00; 0.00; 0.00; 1; 0.0063; 0.0001; 0.9950; 14.4705; 0.0006; 6.3545; 2.4976; 0.0001; 1.1180
30; 1.0000; 0.0000; 0.0000; 0.0000; 0.5247; 0.4485; 0.0044; 0.4425; 9802427.59; 24270.46; 2427046.21; 9802427.59; 242.70; 2427046.21; 0.0000; 0.0000; 0.0000; 1.0000; 0.0000; 0.0000; 0.00; 0.00; 0.00; 0.00; 0.00; 0.00; 1.00; 0.00; 0.00; 1; 0.0000; 0.0001; 1.0068; 14.4076; 0.0006; 6.3976; 2.4927; 0.0001; 1.1196
31; 1.0000; 0.0000; 0.0000; 0.0000; 0.5247; 0.4459; 0.0044; 0.4363; 9917495.74; 22650.92; 2265092.13; 9917495.74; 226.51; 2265092.13; 0.0000; 0.0000; 0.0000; 1.0000; 0.0000; 0.0000; 0.00; 0.00; 0.00; 0.00; 0.00; 0.00; 1.00; 0.00; 0.00; 1; 0.0152; 0.0001; 1.0048; 14.5530; 0.0006; 6.3355; 2.5003; 0.0001; 1.1226
32; 1.0000; 0.0000; 0.0000; 0.0000; 0.5247; 0.4418; 0.0045; 0.4475; 9980534.48; 22140.24; 2214024.25; 9980534.48; 221.40; 2214024.25; 0.0000; 0.0000; 0.0000; 1.0000; 0.0000; 0.0000; 0.00; 0.00; 0.00; 0.00; 0.00; 0.00; 1.00; 0.00; 0.00; 1; -0.0114; 0.0001; 1.0002; 14.5437; 0.0006; 6.3899; 2.5099; 0.0001; 1.1271
33; 1.0000; 0.0000; 0.0000; 0.0000; 0.5247; 0.4418; 0.0045; 0.4452; 10027557.75; 21545.19; 2154519.23; 10027557.75; 215.45; 2154519.23; 0.0000; 0.0000; 0.0000; 1.0000; 0.0000; 0.0000; 0.00; 0.00; 0.00; 0.00; 0.00; 0.00; 1.00; 0.00; 0.00; 1; 0.0001; 0.0001; 1.0072; 14.4896; 0.0006; 6.3419; 2.5053; 0.0001; 1.1202
34; 1.0000; 0.0000; 0.0000; 0.0000; 0.5247; 0.4469; 0.0044; 0.4367; 10083868.58; 20687.24; 2068723.67; 10083868.58; 206.87; 2068723.67; 0.0000; 0.0000; 0.0000; 1.0000; 0.0000; 0.0000; 0.00; 0.00; 0.00; 0.00; 0.00; 0.00; 1.00; 0.00; 0.00; 1; 0.0110; 0.0001; 0.9956; 14.4466; 0.0006; 6.3254; 2.5022; 0.0001; 1.1192
35; 1.0000; 0.0000; 0.0000; 0.0000; 0.5247; 0.4493; 0.0044; 0.4415; 10117405.94; 20289.34; 2028933.64; 10117405.94; 202.89; 2028933.64; 0.0000; 0.0000; 0.0000; 1.0000; 0.0000; 0.0000; 0.00; 0.00; 0.00; 0.00; 0.00; 0.00; 1.00; 0.00; 0.00; 1; -0.0143; 0.0001; 0.9897; 14.4151; 0.0006; 6.3023; 2.5040; 0.0001; 1.1148
36; 1.0000; 0.0000; 0.0000; 0.0000; 0.5247; 0.4516; 0.0044; 0.4378; 10127831.85; 19910.89; 1991088.50; 10127831.85; 199.11; 1991088.50; 0.0000; 0.0000; 0.0000; 1.0000; 0.0000; 0.0000; 0.00; 0.00; 0.00; 0.00; 0.00; 0.00; 1.00; 0.00; 0.00; 1; -0.0105; 0.0001; 1.0137; 14.5065; 0.0006; 6.3382; 2.5022; 0.0001; 1.1156
37; 1.0000; 0.0000; 0.0000; 0.0000; 0.5247; 0.4503; 0.0044; 0.4362; 10157368.03; 19477.03; 1947702.59; 10157368.03; 194.77; 1947702.59; 0.0000; 0.0000; 0.0000; 1.0000; 0.0000; 0.0000; 0.00; 0.00; 0.00; 0.00; 0.00; 0.00; 1.00; 0.00; 0.00; 1; 0.0089; 0.0001; 1.0042; 14.5623; 0.0006; 6.3329; 2.5031; 0.0001; 1.1163
38; 1.0000; 0.0000; 0.0000; 0.0000; 0.5247; 0.4396; 0.0044; 0.4376; 10180281.85; 19498.18; 1949817.70; 10180281.85; 194.98; 1949817.70; 0.0000; 0.0000; 0.0000; 1.0000; 0.0000; 0.0000; 0.00; 0.00; 0.00; 0.00; 0.00; 0.00; 1.00; 0.00; 0.00; 1; -0.0134; 0.0001; 0.9979; 14.5211; 0.0006; 6.3035; 2.4849; 0.0001; 1.1119
39; 1.0000; 0.0000; 0.0000; 0.0000; 0.5247; 0.4393; 0.0045; 0.4480; 10162064.38; 20119.71; 2011970.96; 10162064.38; 201.20; 2011970.96; 0.0000; 0.0000; 0.0000; 1.0000; 0.0000; 0.0000; 0.00; 0.00; 0.00; 0.00; 0.00; 0.00; 1.00; 0.00; 0.00; 1; 0.0050; 0.0001; 1.0072; 14.4099; 0.0006; 6.3466; 2.4971; 0.0001; 1.1103
40; 1.0000; 0.0000; 0.0000; 0.0000; 0.5247; 0.4405; 0.0044; 0.4423; 10137039.53; 20165.04; 2016504.33; 10137039.53; 201.65; 2016504.33; 0.0000; 0.0000; 0.0000; 1.0000; 0.0000; 0.0000; 0.00; 0.00; 0.00; 0.00; 0.00; 0.00; 1.00; 0.00; 0.00; 1; 0.0124; 0.0001; 1.0059; 14.4174; 0.0006; 6.2993; 2.4813; 0.0001; 1.1243
41; 1.0000; 0.0000; 0.0000; 0.0000; 0.5247; 0.4498; 0.0044; 0.4390; 10144704.72; 20068.65; 2006864.71; 10144704.72; 200.69; 2006864.71; 0.0000; 0.0000; 0.0000; 1.0000; 0.0000; 0.0000; 0.00; 0.00; 0.00; 0.00; 0.00; 0.00; 1.00; 0.00; 0.00; 1; -0.0069; 0.0001; 1.0042; 14.4359; 0.0006; 6.3608; 2.5184; 0.0001; 1.1232
42; 1.0000; 0.0000; 0.0000; 0.0000; 0.5247; 0.4561; 0.0043; 0.4315; 10166040.84; 19526.26; 1952625.79; 10166040.84; 195.26; 1952625.79; 0.0000; 0.0000; 0.0000; 1.0000; 0.0000; 0.0000; 0.00; 0.00; 0.00; 0.00; 0.00; 0.00; 1.00; 0.00; 0.00; 1; 0.0007; 0.0001; 0.9964; 14.5963; 0.0006; 6.3631; 2.4958; 0.0001; 1.1143
43; 1.0000; 0.0000; 0.0000; 0.0000; 0.5247; 0.4469; 0.0044; 0.4407; 10159658.64; 19398.85; 1939885.19; 10159658.64; 193.99; 1939885.19; 0.0000; 0.0000; 0.0000; 1.0000; 0.0000; 0.0000; 0.00; 0.00; 0.00; 0.00; 0.00; 0.00; 1.00; 0.00; 0.00; 1; -0.0046; 0.0001; 1.0016; 14.5355; 0.0006; 6.3858; 2.4966; 0.0001; 1.1175
44; 1.0000; 0.0000; 0.0000; 0.0000; 0.5247; 0.4438; 0.0045; 0.4456; 10138274.52; 19938.87; 1993887.10; 10138274.52; 199.39; 1993887.10; 0.0000; 0.0000; 0.0000; 1.0000; 0.0000; 0.0000; 0.00; 0.00; 0.00; 0.00; 0.00; 0.00; 1.00; 0.00; 0.00; 1; -0.0040; 0.0001; 1.0087; 14.5163; 0.0006; 6.3797; 2.4971; 0.0001; 1.1139
45; 1.0000; 0.0000; 0.0000; 0.0000; 0.5247; 0.4491; 0.0044; 0.4437; 10137263.40; 19859.63; 1985962.84; 10137263.40; 198.60; 1985962.84; 0.0000; 0.0000; 0.0000; 1.0000; 0.0000; 0.0000; 0.00; 0.00; 0.00; 0.00; 0.00; 0.00; 1.00; 0.00; 0.00; 1; 0.0031; 0.0001; 1.0017; 14.5601; 0.0006; 6.2756; 2.4907; 0.0001; 1.1163
46; 1.0000; 0.0000; 0.0000; 0.0000; 0.5247; 0.4454; 0.0044; 0.4391; 10141415.24; 19634.23; 1963422.65; 10141415.24; 196.34; 1963422.65; 0.0000; 0.0000; 0.0000; 1.0000; 0.0000; 0.0000; 0.00; 0.00; 0.00; 0.00; 0.00; 0.00; 1.00; 0.00; 0.00; 1; 0.0038; 0.0001; 0.9905; 14.4753; 0.0006; 6.3745; 2.5114; 0.0001; 1.1255
47; 1.0000; 0.0000; 0.0000; 0.0000; 0.5247; 0.4387; 0.0044; 0.4419; 10159324.78; 19574.78; 1957477.86; 10159324.78; 195.75; 1957477.86; 0.0000; 0.0000; 0.0000; 1.0000; 0.0000; 0.0000; 0.00; 0.00; 0.00; 0.00; 0.00; 0.00; 1.00; 0.00; 0.00; 1; -0.0036; 0.0001; 0.9819; 14.4048; 0.0006; 6.3360; 2.5001; 0.0001; 1.1144
48; 1.0000; 0.0000; 0.0000; 0.0000; 0.5247; 0.4432; 0.0045; 0.4475; 10128397.79; 19801.79; 1980179.00; 10128397.79; 198.02; 1980179.00; 0.0000; 0.0000; 0.0000; 1.0000; 0.0000; 0.0000; 0.00; 0.00; 0.00; 0.00; 0.00; 0.00; 1.00; 0.00; 0.00; 1; -0.0010; 0.0001; 1.0062; 14.4591; 0.0006; 6.3843; 2.4926; 0.0001; 1.1240
49; 1.0000; 0.0000; 0.0000; 0.0000; 0.5247; 0.4387; 0.0045; 0.4527; 10109270.94; 20268.73; 2026873.11; 10109270.94; 202.69; 2026873.11; 0.0000; 0.0000; 0.0000; 1.0000; 0.0000; 0.0000; 0.00; 0.00; 0.00; 0.00; 0.00; 0.00; 1.00; 0.00; 0.00; 1; 0.0010; 0.0001; 1.0028; 14.5029; 0.0006; 6.3452; 2.4963; 0.0001; 1.1229
50; 1.0000; 0.0000; 0.0000; 0.0000; 0.5247; 0.4423; 0.0045; 0.4458; 10115219.60; 20194.20; 2019420.25; 10115219.60; 201.94; 2019420.25; 0.0000; 0.0000; 0.0000; 1.0000; 0.0000; 0.0000; 0.00; 0.00; 0.00; 0.00; 0.00; 0.00; 1.00; 0.00; 0.00; 1; -0.0165; 0.0001; 1.0057; 14.4915; 0.0006; 6.2962; 2.4968; 0.0001; 1.1148
Metapopulation
0; 1.0000; 0.0000; 0.0000; 0.0000; 0.5247;      0;      0;      0; 742.00; 0.00; 0.00; 742.00; 0.00; 0.00; 0.0000; 0.0000; 0.0000; 1.0000; 0.0000; 0.0000; 0.00; 0.00; 0.00; 0.00; 0.00; 0.00; 0.00; 0.00; 0.00; 0; 0.0033; 0.0001; 1.0038; 14.5338; 0.0006; 6.3540; 2.4959; 0.0001; 1.1218
1; 1.0000; 0.0000; 0.0000; 0.0000; 0.5247; 0.4695; 0.0039; 0.3910; 1270.09; 4.33; 432.74; 1270.09; 0.04; 432.74; 0.0000; 0.0000; 0.0000; 1.0000; 0.0000; 0.0000; 0.00; 0.00; 0.00; 0.00; 0.00; 0.00; 0.00; 0.00; 0.00; 0; -0.0078; 0.0001; 1.0029; 14.4827; 0.0006; 6.3426; 2.4926; 0.0001; 1.1130
2; 1.0000; 0.0000; 0.0000; 0.0000; 0.5247; 0.4660; 0.0038; 0.3847; 2159.39; 10.56; 1055.52; 2159.39; 0.11; 1055.52; 0.0000; 0.0000; 0.0000; 1.0000; 0.0000; 0.0000; 0.00; 0.00; 0.00; 0.00; 0.00; 0.00; 0.00; 0.00; 0.00; 0; 0.0012; 0.0001; 1.0128; 14.5746; 0.0006; 6.3438; 2.4864; 0.0001; 1.1202
3; 1.0000; 0.0000; 0.0000; 0.0000; 0.5247; 0.4647; 0.0038; 0.3844; 3658.86; 22.24; 2224.29; 3658.86; 0.22; 2224.29; 0.0000; 0.0000; 0.0000; 1.0000; 0.0000; 0.0000; 0.00; 0.00; 0.00; 0.00; 0.00; 0.00; 0.00; 0.00; 0.00; 0; 0.0084; 0.0001; 0.9994; 14.3983; 0.0006; 6.3546; 2.4937; 0.0001; 1.1318
4; 1.0000; 0.0000; 0.0000; 0.0000; 0.5247; 0.4629; 0.0038; 0.3810; 6190.78; 44.48; 4447.98; 6190.78; 0.44; 4447.98; 0.0000; 0.0000; 0.0000; 1.0000; 0.0000; 0.0000; 0.00; 0.00; 0.00; 0.00; 0.00; 0.00; 0.00; 0.00; 0.00; 0; -0.0113; 0.0001; 1.0065; 14.3340; 0.0006; 6.3282; 2.4901; 0.0001; 1.1214
5; 1.0000; 0.0000; 0.0000; 0.0000; 0.5247; 0.4656; 0.0038; 0.3776; 10485.15; 86.50; 8650.27; 10485.15; 0.87; 8650.27; 0.0000; 0.0000; 0.0000; 1.0000; 0.0000; 0.0000; 0.00; 0.00; 0.00; 0.00; 0.00; 0.00; 0.00; 0.00; 0.00; 0; 0.0087; 0.0001; 1.0144; 14.4516; 0.0006; 6.3690; 2.4872; 0.0001; 1.1233
6; 1.0000; 0.0000; 0.0000; 0.0000; 0.5247; 0.4585; 0.0038; 0.3756; 17744.02; 166.17; 16616.57; 17744.02; 1.66; 16616.57; 0.0000; 0.0000; 0.0000; 1.0000; 0.0000; 0.0000; 0.00; 0.00; 0.00; 0.00; 0.00; 0.00; 0.00; 0.00; 0.00; 0; -0.0008; 0.0001; 1.0013; 14.4935; 0.0006; 6.3324; 2.5059; 0.0001; 1.1160
7; 1.0000; 0.0000; 0.0000; 0.0000; 0.5247; 0.4621; 0.0037; 0.3716; 29934.49; 310.03; 31003.36; 29934.49; 3.10; 31003.36; 0.0000; 0.0000; 0.0000; 1.0000; 0.0000; 0.0000; 0.00; 0.00; 0.00; 0.00; 0.00; 0.00; 0.00; 0.00; 0.00; 0; -0.0105; 0.0001; 0.9939; 14.4522; 0.0006; 6.3406; 2.4984; 0.0001; 1.1258
8; 1.0000; 0.0000; 0.0000; 0.0000; 0.5247; 0.4648; 0.0037; 0.3655; 50861.56; 587.13; 58713.43; 50861.56; 5.87; 58713.43; 0.0000; 0.0000; 0.0000; 1.0000; 0.0000; 0.0000; 0.00; 0.00; 0.00; 0.00; 0.00; 0.00; 0.00; 0.00; 0.00; 0; 0.0178; 0.0001; 1.0242; 14.5139; 0.0006; 6.3549; 2.5080; 0.0001; 1.1163
9; 1.0000; 0.0000; 0.0000; 0.0000; 0.5247; 0.4690; 0.0036; 0.3592; 85377.89; 1039.24; 103923.56; 85377.89; 10.39; 103923.56; 0.0000; 0.0000; 0.0000; 1.0000; 0.0000; 0.0000; 0.00; 0.00; 0.00; 0.00; 0.00; 0.00; 0.00; 0.00; 0.00; 0; -0.0097; 0.0001; 0.9947; 14.5301; 0.0006; 6.3000; 2.4881; 0.0001; 1.1169
10; 1.0000; 0.0000; 0.0000; 0.0000; 0.5247; 0.4610; 0.0037; 0.3656; 141710.89; 1747.83; 174783.26; 141710.89; 17.48; 174783.26; 0.0000; 0.0000; 0.0000; 1.0000; 0.0000; 0.0000; 0.00; 0.00; 0.00; 0.00; 0.00; 0.00; 0.00; 0.00; 0.00; 0; 0.0071; 0.0001; 0.9983; 14.4253; 0.0006; 6.3646; 2.5083; 0.0001; 1.1179
11; 1.0000; 0.0000; 0.0000; 0.0000; 0.5247; 0.4611; 0.0036; 0.3604; 226948.79; 2650.73; 265073.49; 226948.79; 26.51; 265073.49; 0.0000; 0.0000; 0.0000; 1.0000; 0.0000; 0.0000; 0.00; 0.00; 0.00; 0.00; 0.00; 0.00; 0.00; 0.00; 0.00; 0; -0.0124; 0.0001; 1.0042; 14.4652; 0.0006; 6.3621; 2.5219; 0.0001; 1.1104
12; 1.0000; 0.0000; 0.0000; 0.0000; 0.5247; 0.4656; 0.0036; 0.3572; 349118.49; 3732.22; 373222.43; 349118.49; 37.32; 373222.43; 0.0000; 0.0000; 0.0000; 1.0000; 0.0000; 0.0000; 0.00; 0.00; 0.00; 0.00; 0.00; 0.00; 0.00; 0.00; 0.00; 0; 0.0032; 0.0001; 0.9790; 14.5411; 0.0006; 6.3752; 2.4950; 0.0001; 1.1223
13; 1.0000; 0.0000; 0.0000; 0.0000; 0.5247; 0.4721; 0.0035; 0.3513; 514002.52; 4955.75; 495574.61; 514002.52; 49.56; 495574.61; 0.0000; 0.0000; 0.0000; 1.0000; 0.0000; 0.0000; 0.00; 0.00; 0.00; 0.00; 0.00; 0.00; 0.00; 0.00; 0.00; 0; 0.0061; 0.0001; 1.0075; 14.4847; 0.0006; 6.3607; 2.5052; 0.0001; 1.1115
14; 1.0000; 0.0000; 0.0000; 0.0000; 0.5247; 0.4665; 0.0035; 0.3527; 719067.26; 6364.25; 636424.94; 719067.26; 63.64; 636424.94; 0.0000; 0.0000; 0.0000; 1.0000; 0.0000; 0.0000; 0.00; 0.00; 0.00; 0.00; 0.00; 0.00; 0.00; 0.00; 0.00; 0; 0.0000; 0.0001; 1.0171; 14.3602; 0.0006; 6.3139; 2.4917; 0.0001; 1.1197
15; 1.0000; 0.0000; 0.0000; 0.0000; 0.5247; 0.4729; 0.0035; 0.3499; 987427.29; 8583.42; 858342.04; 987427.29; 85.83; 858342.04; 0.0000; 0.0000; 0.0000; 1.0000; 0.0000; 0.0000; 0.00; 0.00; 0.00; 0.00; 0.00; 0.00; 0.00; 0.00; 0.00; 0; -0.0056; 0.0001; 0.9972; 14.5330; 0.0006; 6.3539; 2.5023; 0.0001; 1.1167
16; 1.0000; 0.0000; 0.0000; 0.0000; 0.5247; 0.4674; 0.0035; 0.3481; 1339911.21; 12039.72; 1203972.18; 1339911.21; 120.40; 1203972.18; 0.0000; 0.0000; 0.0000; 1.0000; 0.0000; 0.0000; 0.00; 0.00; 0.00; 0.00; 0.00; 0.00; 0.00; 0.00; 0.00; 0; -0.0103; 0.0001; 1.0022; 14.5418; 0.0006; 6.3788; 2.4862; 0.0001; 1.1129
17; 1.0000; 0.0000; 0.0000; 0.0000; 0.5247; 0.4683; 0.0035; 0.3500; 1838371.88; 17589.37; 1758936.96; 1838371.88; 175.89; 1758936.96; 0.0000; 0.0000; 0.0000; 1.0000; 0.0000; 0.0000; 0.00; 0.00; 0.00; 0.00; 0.00; 0.00; 0.00; 0.00; 0.00; 0; -0.0180; 0.0001; 1.0192; 14.4115; 0.0006; 6.3279; 2.4990; 0.0001; 1.1141
18; 1.0000; 0.0000; 0.0000; 0.0000; 0.5247; 0.4681; 0.0036; 0.3569; 2512826.53; 24317.15; 2431715.46; 2512826.53; 243.17; 2431715.46; 0.0000; 0.0000; 0.0000; 1.0000; 0.0000; 0.0000; 0.00; 0.00; 0.00; 0.00; 0.00; 0.00; 0.00; 0.00; 0.00; 0; 0.0024; 0.0001; 1.0082; 14.4829; 0.0006; 6.3384; 2.4935; 0.0001; 1.1203
19; 1.0000; 0.0000; 0.0000; 0.0000; 0.5247; 0.4680; 0.0035; 0.3543; 3348074.60; 30640.74; 3064074.21; 3348074.60; 306.41; 3064074.21; 0.0000; 0.0000; 0.0000; 1.0000; 0.0000; 0.0000; 0.00; 0.00; 0.00; 0.00; 0.00; 0.00; 0.00; 0.00; 0.00; 0; -0.0073; 0.0001; 0.9976; 14.5922; 0.0006; 6.3294; 2.5146; 0.0001; 1.1135
20; 1.0000; 0.0000; 0.0000; 0.0000; 0.5247; 0.4662; 0.0036; 0.3643; 4339098.77; 36069.56; 3606955.72; 4339098.77; 360.70; 3606955.72; 0.0000; 0.0000; 0.0000; 1.0000; 0.0000; 0.0000; 0.00; 0.00; 0.00; 0.00; 0.00; 0.00; 0.00; 0.00; 0.00; 0; 0.0044; 0.0001; 1.0027; 14.4914; 0.0006; 6.4003; 2.5058; 0.0001; 1.1249
21; 1.0000; 0.0000; 0.0000; 0.0000; 0.5247; 0.4627; 0.0037; 0.3682; 5387123.72; 39620.00; 3962000.37; 5387123.72; 396.20; 3962000.37; 0.0000; 0.0000; 0.0000; 1.0000; 0.0000; 0.0000; 0.00; 0.00; 0.00; 0.00; 0.00; 0.00; 0.00; 0.00; 0.00; 0; -0.0132; 0.0001; 1.0090; 14.4298; 0.0006; 6.3263; 2.4951; 0.0001; 1.1178
22; 1.0000; 0.0000; 0.0000; 0.0000; 0.5247; 0.4655; 0.0038; 0.3754; 6513835.02; 41740.71; 4174071.17; 6513835.02; 417.41; 4174071.17; 0.0000; 0.0000; 0.0000; 1.0000; 0.0000; 0.0000; 0.00; 0.00; 0.00; 0.00; 0.00; 0.00; 0.00; 0.00; 0.00; 0; 0.0130; 0.0001; 1.0087; 14.4836; 0.0006; 6.3291; 2.4989; 0.0001; 1.1167
23; 1.0000; 0.0000; 0.0000; 0.0000; 0.5247; 0.4636; 0.0038; 0.3776; 7564359.42; 41900.61; 4190060.65; 7564359.42; 419.01; 4190060.65; 0.0000; 0.0000; 0.0000; 1.0000; 0.0000; 0.0000; 0.00; 0.00; 0.00; 0.00; 0.00; 0.00; 0.00; 0.00; 0.00; 0; -0.0109; 0.0001; 0.9953; 14.4992; 0.0006; 6.4127; 2.4982; 0.0001; 1.1114
24; 1.0000; 0.0000; 0.0000; 0.0000; 0.5247; 0.4562; 0.0039; 0.3884; 8454729.35; 40451.64; 4045163.71; 8454729.35; 404.52; 4045163.71; 0.0000; 0.0000; 0.0000; 1.0000; 0.0000; 0.0000; 0.00; 0.00; 0.00; 0.00; 0.00; 0.00; 0.00; 0.00; 0.00; 0; 0.0005; 0.0001; 1.0074; 14.6059; 0.0006; 6.3333; 2.5003; 0.0001; 1.1133
25; 1.0000; 0.0000; 0.0000; 0.0000; 0.5247; 0.4554; 0.0039; 0.3928; 9190306.63; 37885.23; 3788523.45; 9190306.63; 378.85; 3788523.45; 0.0000; 0.0000; 0.0000; 1.0000; 0.0000; 0.0000; 0.00; 0.00; 0.00; 0.00; 0.00; 0.00; 0.00; 0.00; 0.00; 0; 0.0209; 0.0001; 1.0009; 14.3639; 0.0006; 6.3681; 2.4977; 0.0001; 1.1182
26; 1.0000; 0.0000; 0.0000; 0.0000; 0.5247; 0.4555; 0.0040; 0.4031; 9736425.28; 34931.26; 3493126.18; 9736425.28; 349.31; 3493126.18; 0.0000; 0.0000; 0.0000; 1.0000; 0.0000; 0.0000; 0.00; 0.00; 0.00; 0.00; 0.00; 0.00; 0.00; 0.00; 0.00; 0; -0.0046; 0.0001; 0.9984; 14.5228; 0.0006; 6.3229; 2.5133; 0.0001; 1.1130
27; 1.0000; 0.0000; 0.0000; 0.0000; 0.5247; 0.4509; 0.0040; 0.4009; 10182949.76; 32072.87; 3207287.33; 10182949.76; 320.73; 3207287.33; 0.0000; 0.0000; 0.0000; 1.0000; 0.0000; 0.0000; 0.00; 0.00; 0.00; 0.00; 0.00; 0.00; 0.00; 0.00; 0.00; 0; 0.0175; 0.0001; 0.9974; 14.5192; 0.0006; 6.3391; 2.5035; 0.0001; 1.1170
28; 1.0000; 0.0000; 0.0000; 0.0000; 0.5247; 0.4472; 0.0041; 0.4077; 10501759.46; 29360.42; 2936041.84; 10501759.46; 293.60; 2936041.84; 0.0000; 0.0000; 0.0000; 1.0000; 0.0000; 0.0000; 0.00; 0.00; 0.00; 0.00; 0.00; 0.00; 0.00; 0.00; 0.00; 0; 0.0062; 0.0001; 0.9978; 14.5360; 0.0006; 6.3492; 2.5048; 0.0001; 1.1140
29; 1.0000; 0.0000; 0.0000; 0.0000; 0.5247; 0.4565; 0.0040; 0.4000; 10784134.42; 26734.09; 2673408.80; 10784134.42; 267.34; 2673408.80; 0.0000; 0.0000; 0.0000; 1.0000; 0.0000; 0.0000; 0.00; 0.00; 0.00; 0.00; 0.00; 0.00; 0.00; 0.00; 0.00; 0; 0.0063; 0.0001; 0.9950; 14.4705; 0.0006; 6.3545; 2.4976; 0.0001; 1.1180
30; 1.0000; 0.0000; 0.0000; 0.0000; 0.5247; 0.4553; 0.0041; 0.4054; 10970496.34; 24823.82; 2482382.13; 10970496.34; 248.24; 2482382.13; 0.0000; 0.0000; 0.0000; 1.0000; 0.0000; 0.0000; 0.00; 0.00; 0.00; 0.00; 0.00; 0.00; 0.00; 0.00; 0.00; 0; 0.0000; 0.0001; 1.0068; 14.4076; 0.0006; 6.3976; 2.4927; 0.0001; 1.1196
31; 1.0000; 0.0000; 0.0000; 0.0000; 0.5247; 0.4532; 0.0040; 0.4014; 11089338.41; 23212.02; 2321202.19; 11089338.41; 232.12; 2321202.19; 0.0000; 0.0000; 0.0000; 1.0000; 0.0000; 0.0000; 0.00; 0.00; 0.00; 0.00; 0.00; 0.00; 0.00; 0.00; 0.00; 0; 0.0152; 0.0001; 1.0048; 14.5530; 0.0006; 6.3355; 2.5003; 0.0001; 1.1226
32; 1.0000; 0.0000; 0.0000; 0.0000; 0.5247; 0.4491; 0.0041; 0.4118; 11152713.01; 22755.32; 2275531.63; 11152713.01; 227.55; 2275531.63; 0.0000; 0.0000; 0.0000; 1.0000; 0.0000; 0.0000; 0.00; 0.00; 0.00; 0.00; 0.00; 0.00; 0.00; 0.00; 0.00; 0; -0.0114; 0.0001; 1.0002; 14.5437; 0.0006; 6.3899; 2.5099; 0.0001; 1.1271
33; 1.0000; 0.0000; 0.0000; 0.0000; 0.5247; 0.4486; 0.0041; 0.4104; 11201269.61; 22134.92; 2213492.30; 11201269.61; 221.35; 2213492.30; 0.0000; 0.0000; 0.0000; 1.0000; 0.0000; 0.0000; 0.00; 0.00; 0.00; 0.00; 0.00; 0.00; 0.00; 0.00; 0.00; 0; 0.0001; 0.0001; 1.0072; 14.4896; 0.0006; 6.3419; 2.5053; 0.0001; 1.1202
34; 1.0000; 0.0000; 0.0000; 0.0000; 0.5247; 0.4541; 0.0040; 0.4023; 11258941.46; 21270.37; 2127036.91; 11258941.46; 212.70; 2127036.91; 0.0000; 0.0000; 0.0000; 1.0000; 0.0000; 0.0000; 0.00; 0.00; 0.00; 0.00; 0.00; 0.00; 0.00; 0.00; 0.00; 0; 0.0110; 0.0001; 0.9956; 14.4466; 0.0006; 6.3254; 2.5022; 0.0001; 1.1192
35; 1.0000; 0.0000; 0.0000; 0.0000; 0.5247; 0.4557; 0.0041; 0.4064; 11294143.78; 20844.01; 2084401.45; 11294143.78; 208.44; 2084401.45; 0.0000; 0.0000; 0.0000; 1.0000; 0.0000; 0.0000; 0.00; 0.00; 0.00; 0.00; 0.00; 0.00; 0.00; 0.00; 0.00; 0; -0.0143; 0.0001; 0.9897; 14.4151; 0.0006; 6.3023; 2.5040; 0.0001; 1.1148
36; 1.0000; 0.0000; 0.0000; 0.0000; 0.5247; 0.4583; 0.0040; 0.4040; 11305452.69; 20445.31; 2044530.99; 11305452.69; 204.45; 2044530.99; 0.0000; 0.0000; 0.0000; 1.0000; 0.0000; 0.0000; 0.00; 0.00; 0.00; 0.00; 0.00; 0.00; 0.00; 0.00; 0.00; 0; -0.0105; 0.0001; 1.0137; 14.5065; 0.0006; 6.3382; 2.5022; 0.0001; 1.1156
37; 1.0000; 0.0000; 0.0000; 0.0000; 0.5247; 0.4570; 0.0040; 0.4029; 11335738.71; 19980.80; 1998080.22; 11335738.71; 199.81; 1998080.22; 0.0000; 0.0000; 0.0000; 1.0000; 0.0000; 0.0000; 0.00; 0.00; 0.00; 0.00; 0.00; 0.00; 0.00; 0.00; 0.00; 0; 0.0089; 0.0001; 1.0042; 14.5623; 0.0006; 6.3329; 2.5031; 0.0001; 1.1163
38; 1.0000; 0.0000; 0.0000; 0.0000; 0.5247; 0.4467; 0.0040; 0.4044; 11356015.86; 20024.06; 2002405.91; 11356015.86; 200.24; 2002405.91; 0.0000; 0.0000; 0.0000; 1.0000; 0.0000; 0.0000; 0.00; 0.00; 0.00; 0.00; 0.00; 0.00; 0.00; 0.00; 0.00; 0; -0.0134; 0.0001; 0.9979; 14.5211; 0.0006; 6.3035; 2.4849; 0.0001; 1.1119
39; 1.0000; 0.0000; 0.0000; 0.0000; 0.5247; 0.4474; 0.0041; 0.4115; 11337369.56; 20666.34; 2066633.68; 11337369.56; 206.66; 2066633.68; 0.0000; 0.0000; 0.0000; 1.0000; 0.0000; 0.0000; 0.00; 0.00; 0.00; 0.00; 0.00; 0.00; 0.00; 0.00; 0.00; 0; 0.0050; 0.0001; 1.0072; 14.4099; 0.0006; 6.3466; 2.4971; 0.0001; 1.1103
40; 1.0000; 0.0000; 0.0000; 0.0000; 0.5247; 0.4474; 0.0041; 0.4086; 11310835.30; 20735.84; 2073584.35; 11310835.30; 207.36; 2073584.35; 0.0000; 0.0000; 0.0000; 1.0000; 0.0000; 0.0000; 0.00; 0.00; 0.00; 0.00; 0.00; 0.00; 0.00; 0.00; 0.00; 0; 0.0124; 0.0001; 1.0059; 14.4174; 0.0006; 6.2993; 2.4813; 0.0001; 1.1243
41; 1.0000; 0.0000; 0.0000; 0.0000; 0.5247; 0.4566; 0.0041; 0.4051; 11323299.85; 20630.71; 2063071.28; 11323299.85; 206.31; 2063071.28; 0.0000; 0.0000; 0.0000; 1.0000; 0.0000; 0.0000; 0.00; 0.00; 0.00; 0.00; 0.00; 0.00; 0.00; 0.00; 0.00; 0; -0.0069; 0.0001; 1.0042; 14.4359; 0.0006; 6.3608; 2.5184; 0.0001; 1.1232
42; 1.0000; 0.0000; 0.0000; 0.0000; 0.5247; 0.4619; 0.0040; 0.3995; 11344165.06; 20100.51; 2010051.48; 11344165.06; 201.01; 2010051.48; 0.0000; 0.0000; 0.0000; 1.0000; 0.0000; 0.0000; 0.00; 0.00; 0.00; 0.00; 0.00; 0.00; 0.00; 0.00; 0.00; 0; 0.0007; 0.0001; 0.9964; 14.5963; 0.0006; 6.3631; 2.4958; 0.0001; 1.1143
43; 1.0000; 0.0000; 0.0000; 0.0000; 0.5247; 0.4534; 0.0041; 0.4070; 11337082.87; 19958.05; 1995805.49; 11337082.87; 199.58; 1995805.49; 0.0000; 0.0000; 0.0000; 1.0000; 0.0000; 0.0000; 0.00; 0.00; 0.00; 0.00; 0.00; 0.00; 0.00; 0.00; 0.00; 0; -0.0046; 0.0001; 1.0016; 14.5355; 0.0006; 6.3858; 2.4966; 0.0001; 1.1175
44; 1.0000; 0.0000; 0.0000; 0.0000; 0.5247; 0.4514; 0.0041; 0.4108; 11316447.74; 20499.93; 2049993.35; 11316447.74; 205.00; 2049993.35; 0.0000; 0.0000; 0.0000; 1.0000; 0.0000; 0.0000; 0.00; 0.00; 0.00; 0.00; 0.00; 0.00; 0.00; 0.00; 0.00; 0; -0.0040; 0.0001; 1.0087; 14.5163; 0.0006; 6.3797; 2.4971; 0.0001; 1.1139
45; 1.0000; 0.0000; 0.0000; 0.0000; 0.5247; 0.4566; 0.0041; 0.4085; 11315031.30; 20413.03; 2041302.80; 11315031.30; 204.13; 2041302.80; 0.0000; 0.0000; 0.0000; 1.0000; 0.0000; 0.0000; 0.00; 0.00; 0.00; 0.00; 0.00; 0.00; 0.00; 0.00; 0.00; 0; 0.0031; 0.0001; 1.0017; 14.5601; 0.0006; 6.2756; 2.4907; 0.0001; 1.1163
46; 1.0000; 0.0000; 0.0000; 0.0000; 0.5247; 0.4520; 0.0041; 0.4061; 11316973.37; 20186.68; 2018667.75; 11316973.37; 201.87; 2018667.75; 0.0000; 0.0000; 0.0000; 1.0000; 0.0000; 0.0000; 0.00; 0.00; 0.00; 0.00; 0.00; 0.00; 0.00; 0.00; 0.00; 0; 0.0038; 0.0001; 0.9905; 14.4753; 0.0006; 6.3745; 2.5114; 0.0001; 1.1255
47; 1.0000; 0.0000; 0.0000; 0.0000; 0.5247; 0.4459; 0.0041; 0.4074; 11334038.07; 20131.24; 2013124.43; 11334038.07; 201.31; 2013124.43; 0.0000; 0.0000; 0.0000; 1.0000; 0.0000; 0.0000; 0.00; 0.00; 0.00; 0.00; 0.00; 0.00; 0.00; 0.00; 0.00; 0; -0.0036; 0.0001; 0.9819; 14.4048; 0.0006; 6.3360; 2.5001; 0.0001; 1.1144
48; 1.0000; 0.0000; 0.0000; 0.0000; 0.5247; 0.4510; 0.0041; 0.4121; 11302214.65; 20343.63; 2034362.69; 11302214.65; 203.44; 2034362.69; 0.0000; 0.0000; 0.0000; 1.0000; 0.0000; 0.0000; 0.00; 0.00; 0.00; 0.00; 0.00; 0.00; 0.00; 0.00; 0.00; 0; -0.0010; 0.0001; 1.0062; 14.4591; 0.0006; 6.3843; 2.4926; 0.0001; 1.1240
49; 1.0000; 0.0000; 0.0000; 0.0000; 0.5247; 0.4467; 0.0042; 0.4161; 11284828.63; 20802.88; 2080288.31; 11284828.63; 208.03; 2080288.31; 0.0000; 0.0000; 0.0000; 1.0000; 0.0000; 0.0000; 0.00; 0.00; 0.00; 0.00; 0.00; 0.00; 0.00; 0.00; 0.00; 0; 0.0010; 0.0001; 1.0028; 14.5029; 0.0006; 6.3452; 2.4963; 0.0001; 1.1229
50; 1.0000; 0.0000; 0.0000; 0.0000; 0.5247; 0.4506; 0.0041; 0.4097; 11290923.55; 20733.53; 2073352.53; 11290923.55; 207.34; 2073352.53; 0.0000; 0.0000; 0.0000; 1.0000; 0.0000; 0.0000; 0.00; 0.00; 0.00; 0.00; 0.00; 0.00; 0.00; 0.00; 0.00; 0; -0.0165; 0.0001; 1.0057; 14.4915; 0.0006; 6.2962; 2.4968; 0.0001; 1.1148
