    Year (Census)
    Proportion of populations extant, SE
    Proportion of populations going extinct for the first time in year, SE
    Deterministic growth, Stochastic growth, SE, SD
    Mean population size (across extant populations), SE, SD
    Mean population size (across all populations), SE, SD
    Population-based model: No genetic data (12 skipped fields)



    Mean time to extinction, SE, SD
    Median time to extinction
    GSVars(3): Mean, SE, SD
Year;PExtant;SE(PExtant);PExtinct;SE(PExtinct);r-det;r-stoch;SE(r);SD(r);Nextant;SE(Nextant);SD(Nextant);Nall;SE(Nall);SD(Nall);Het;SE(Het);SD(Het);Inbr;SE(Inbr);SD(Inbr);Nalleles;SE(Nalleles);SD(Nalleles);Nlethals;SE(Nlethals);SD(Nlethals);TE;SE(TE);SD(TE);medTE;NRANDx;SE(NRANDx);SD(NRANDx);immigBord;SE(immigBord);SD(immigBord);immigSC;SE(immigSC);SD(immigSC)
Control_Border11
Population 1: Border
0; 1.0000; 0.0000; 0.0000; 0.0000; 0.2668;      0;      0;      0; 632.00; 0.00; 0.00; 632.00; 0.00; 0.00; 0.0000; 0.0000; 0.0000; 1.0000; 0.0000; 0.0000; 0.00; 0.00; 0.00; 0.00; 0.00; 0.00; 0.00; 0.00; 0.00; 0; 0.0066; 0.0001; 0.9953; 14.4244; 0.0006; 6.3560; 2.4902; 0.0001; 1.1222
1; 1.0000; 0.0000; 0.0000; 0.0000; 0.2668; 0.1037; 0.0058; 0.5771; 803.68; 3.67; 367.12; 803.68; 0.04; 367.12; 0.0000; 0.0000; 0.0000; 1.0000; 0.0000; 0.0000; 0.00; 0.00; 0.00; 0.00; 0.00; 0.00; 0.00; 0.00; 0.00; 0; -0.0237; 0.0001; 1.0007; 14.3512; 0.0006; 6.3580; 2.4952; 0.0001; 1.1188
2; 1.0000; 0.0000; 0.0000; 0.0000; 0.2668; 0.0945; 0.0058; 0.5792; 1010.56; 6.93; 693.29; 1010.56; 0.07; 693.29; 0.0000; 0.0000; 0.0000; 1.0000; 0.0000; 0.0000; 0.00; 0.00; 0.00; 0.00; 0.00; 0.00; 0.00; 0.00; 0.00; 0; 0.0058; 0.0001; 1.0056; 14.5637; 0.0006; 6.3348; 2.5083; 0.0001; 1.1190
3; 1.0000; 0.0000; 0.0000; 0.0000; 0.2668; 0.1050; 0.0058; 0.5776; 1277.50; 11.17; 1116.88; 1277.50; 0.11; 1116.88; 0.0000; 0.0000; 0.0000; 1.0000; 0.0000; 0.0000; 0.00; 0.00; 0.00; 0.00; 0.00; 0.00; 0.00; 0.00; 0.00; 0; 0.0152; 0.0001; 1.0019; 14.5381; 0.0006; 6.3758; 2.5205; 0.0001; 1.1222
4; 1.0000; 0.0000; 0.0000; 0.0000; 0.2668; 0.1062; 0.0058; 0.5799; 1611.79; 16.92; 1691.89; 1611.79; 0.17; 1691.89; 0.0000; 0.0000; 0.0000; 1.0000; 0.0000; 0.0000; 0.00; 0.00; 0.00; 0.00; 0.00; 0.00; 0.00; 0.00; 0.00; 0; 0.0016; 0.0001; 1.0056; 14.5046; 0.0006; 6.3845; 2.5004; 0.0001; 1.1210
5; 1.0000; 0.0000; 0.0000; 0.0000; 0.2668; 0.1047; 0.0058; 0.5813; 2012.52; 24.85; 2485.34; 2012.52; 0.25; 2485.34; 0.0000; 0.0000; 0.0000; 1.0000; 0.0000; 0.0000; 0.00; 0.00; 0.00; 0.00; 0.00; 0.00; 0.00; 0.00; 0.00; 0; -0.0102; 0.0001; 1.0047; 14.3643; 0.0006; 6.3042; 2.5109; 0.0001; 1.1205
6; 1.0000; 0.0000; 0.0000; 0.0000; 0.2668; 0.0949; 0.0058; 0.5776; 2503.33; 35.82; 3582.27; 2503.33; 0.36; 3582.27; 0.0000; 0.0000; 0.0000; 1.0000; 0.0000; 0.0000; 0.00; 0.00; 0.00; 0.00; 0.00; 0.00; 0.00; 0.00; 0.00; 0; 0.0072; 0.0001; 1.0195; 14.4106; 0.0006; 6.3283; 2.4799; 0.0001; 1.1199
7; 1.0000; 0.0000; 0.0000; 0.0000; 0.2668; 0.1038; 0.0058; 0.5765; 3114.57; 51.65; 5165.48; 3114.57; 0.52; 5165.48; 0.0000; 0.0000; 0.0000; 1.0000; 0.0000; 0.0000; 0.00; 0.00; 0.00; 0.00; 0.00; 0.00; 0.00; 0.00; 0.00; 0; -0.0066; 0.0001; 0.9976; 14.4121; 0.0006; 6.3448; 2.5077; 0.0001; 1.1166
8; 1.0000; 0.0000; 0.0000; 0.0000; 0.2668; 0.0975; 0.0058; 0.5774; 3835.76; 71.90; 7190.23; 3835.76; 0.72; 7190.23; 0.0000; 0.0000; 0.0000; 1.0000; 0.0000; 0.0000; 0.00; 0.00; 0.00; 0.00; 0.00; 0.00; 0.00; 0.00; 0.00; 0; -0.0062; 0.0001; 0.9992; 14.5164; 0.0006; 6.3345; 2.5064; 0.0001; 1.1191
9; 1.0000; 0.0000; 0.0000; 0.0000; 0.2668; 0.1054; 0.0057; 0.5740; 4743.05; 94.64; 9463.68; 4743.05; 0.95; 9463.68; 0.0000; 0.0000; 0.0000; 1.0000; 0.0000; 0.0000; 0.00; 0.00; 0.00; 0.00; 0.00; 0.00; 0.00; 0.00; 0.00; 0; -0.0109; 0.0001; 0.9897; 14.5212; 0.0006; 6.3404; 2.5069; 0.0001; 1.1174
10; 1.0000; 0.0000; 0.0000; 0.0000; 0.2668; 0.0936; 0.0059; 0.5876; 5769.82; 120.12; 12012.21; 5769.82; 1.20; 12012.21; 0.0000; 0.0000; 0.0000; 1.0000; 0.0000; 0.0000; 0.00; 0.00; 0.00; 0.00; 0.00; 0.00; 0.00; 0.00; 0.00; 0; 0.0035; 0.0001; 1.0043; 14.5321; 0.0006; 6.3173; 2.5235; 0.0001; 1.1213
11; 1.0000; 0.0000; 0.0000; 0.0000; 0.2668; 0.1042; 0.0058; 0.5757; 7331.03; 175.84; 17583.52; 7331.03; 1.76; 17583.52; 0.0000; 0.0000; 0.0000; 1.0000; 0.0000; 0.0000; 0.00; 0.00; 0.00; 0.00; 0.00; 0.00; 0.00; 0.00; 0.00; 0; 0.0046; 0.0001; 0.9906; 14.5102; 0.0006; 6.3657; 2.5121; 0.0001; 1.1257
12; 1.0000; 0.0000; 0.0000; 0.0000; 0.2668; 0.1067; 0.0058; 0.5806; 9242.65; 238.97; 23897.17; 9242.65; 2.39; 23897.17; 0.0000; 0.0000; 0.0000; 1.0000; 0.0000; 0.0000; 0.00; 0.00; 0.00; 0.00; 0.00; 0.00; 0.00; 0.00; 0.00; 0; 0.0072; 0.0001; 0.9924; 14.5807; 0.0006; 6.3553; 2.5160; 0.0001; 1.1150
13; 1.0000; 0.0000; 0.0000; 0.0000; 0.2668; 0.1059; 0.0058; 0.5752; 11443.90; 310.57; 31056.69; 11443.90; 3.11; 31056.69; 0.0000; 0.0000; 0.0000; 1.0000; 0.0000; 0.0000; 0.00; 0.00; 0.00; 0.00; 0.00; 0.00; 0.00; 0.00; 0.00; 0; 0.0109; 0.0001; 0.9942; 14.4334; 0.0006; 6.3326; 2.5000; 0.0001; 1.1208
14; 1.0000; 0.0000; 0.0000; 0.0000; 0.2668; 0.0989; 0.0059; 0.5881; 14180.53; 402.90; 40290.39; 14180.53; 4.03; 40290.39; 0.0000; 0.0000; 0.0000; 1.0000; 0.0000; 0.0000; 0.00; 0.00; 0.00; 0.00; 0.00; 0.00; 0.00; 0.00; 0.00; 0; 0.0042; 0.0001; 1.0018; 14.6057; 0.0006; 6.3536; 2.5013; 0.0001; 1.1274
15; 1.0000; 0.0000; 0.0000; 0.0000; 0.2668; 0.0959; 0.0058; 0.5824; 17414.26; 506.59; 50658.55; 17414.26; 5.07; 50658.55; 0.0000; 0.0000; 0.0000; 1.0000; 0.0000; 0.0000; 0.00; 0.00; 0.00; 0.00; 0.00; 0.00; 0.00; 0.00; 0.00; 0; 0.0159; 0.0001; 1.0103; 14.4447; 0.0006; 6.3611; 2.4896; 0.0001; 1.1129
16; 1.0000; 0.0000; 0.0000; 0.0000; 0.2668; 0.1058; 0.0058; 0.5773; 21089.71; 622.09; 62209.46; 21089.71; 6.22; 62209.46; 0.0000; 0.0000; 0.0000; 1.0000; 0.0000; 0.0000; 0.00; 0.00; 0.00; 0.00; 0.00; 0.00; 0.00; 0.00; 0.00; 0; 0.0035; 0.0001; 1.0016; 14.3841; 0.0006; 6.3520; 2.4935; 0.0001; 1.1194
17; 1.0000; 0.0000; 0.0000; 0.0000; 0.2668; 0.0960; 0.0059; 0.5871; 24800.17; 711.95; 71194.83; 24800.17; 7.12; 71194.83; 0.0000; 0.0000; 0.0000; 1.0000; 0.0000; 0.0000; 0.00; 0.00; 0.00; 0.00; 0.00; 0.00; 0.00; 0.00; 0.00; 0; 0.0017; 0.0001; 1.0129; 14.5169; 0.0006; 6.3072; 2.4789; 0.0001; 1.1207
18; 1.0000; 0.0000; 0.0000; 0.0000; 0.2668; 0.1028; 0.0058; 0.5751; 28931.03; 813.30; 81330.35; 28931.03; 8.13; 81330.35; 0.0000; 0.0000; 0.0000; 1.0000; 0.0000; 0.0000; 0.00; 0.00; 0.00; 0.00; 0.00; 0.00; 0.00; 0.00; 0.00; 0; 0.0109; 0.0001; 1.0089; 14.5346; 0.0006; 6.2939; 2.4880; 0.0001; 1.1278
19; 1.0000; 0.0000; 0.0000; 0.0000; 0.2668; 0.0952; 0.0058; 0.5836; 33027.44; 903.79; 90378.70; 33027.44; 9.04; 90378.70; 0.0000; 0.0000; 0.0000; 1.0000; 0.0000; 0.0000; 0.00; 0.00; 0.00; 0.00; 0.00; 0.00; 0.00; 0.00; 0.00; 0; 0.0023; 0.0001; 1.0105; 14.6226; 0.0006; 6.3421; 2.4912; 0.0001; 1.1211
20; 1.0000; 0.0000; 0.0000; 0.0000; 0.2668; 0.1000; 0.0058; 0.5794; 38069.48; 998.71; 99871.33; 38069.48; 9.99; 99871.33; 0.0000; 0.0000; 0.0000; 1.0000; 0.0000; 0.0000; 0.00; 0.00; 0.00; 0.00; 0.00; 0.00; 0.00; 0.00; 0.00; 0; -0.0134; 0.0001; 1.0074; 14.3647; 0.0006; 6.3295; 2.5047; 0.0001; 1.1137
21; 1.0000; 0.0000; 0.0000; 0.0000; 0.2668; 0.1037; 0.0058; 0.5763; 43548.86; 1108.06; 110806.40; 43548.86; 11.08; 110806.40; 0.0000; 0.0000; 0.0000; 1.0000; 0.0000; 0.0000; 0.00; 0.00; 0.00; 0.00; 0.00; 0.00; 0.00; 0.00; 0.00; 0; -0.0193; 0.0001; 1.0051; 14.6707; 0.0006; 6.3580; 2.4992; 0.0001; 1.1115
22; 1.0000; 0.0000; 0.0000; 0.0000; 0.2668; 0.1009; 0.0057; 0.5722; 48884.20; 1199.40; 119940.20; 48884.20; 11.99; 119940.20; 0.0000; 0.0000; 0.0000; 1.0000; 0.0000; 0.0000; 0.00; 0.00; 0.00; 0.00; 0.00; 0.00; 0.00; 0.00; 0.00; 0; 0.0070; 0.0001; 0.9938; 14.5623; 0.0006; 6.3297; 2.4842; 0.0001; 1.1187
23; 1.0000; 0.0000; 0.0000; 0.0000; 0.2668; 0.1059; 0.0058; 0.5773; 54159.01; 1269.78; 126978.13; 54159.01; 12.70; 126978.13; 0.0000; 0.0000; 0.0000; 1.0000; 0.0000; 0.0000; 0.00; 0.00; 0.00; 0.00; 0.00; 0.00; 0.00; 0.00; 0.00; 0; -0.0091; 0.0001; 0.9957; 14.5093; 0.0006; 6.3038; 2.5174; 0.0001; 1.1167
24; 1.0000; 0.0000; 0.0000; 0.0000; 0.2668; 0.0990; 0.0058; 0.5819; 59167.20; 1338.62; 133862.37; 59167.20; 13.39; 133862.37; 0.0000; 0.0000; 0.0000; 1.0000; 0.0000; 0.0000; 0.00; 0.00; 0.00; 0.00; 0.00; 0.00; 0.00; 0.00; 0.00; 0; -0.0048; 0.0001; 1.0019; 14.4496; 0.0006; 6.3871; 2.4919; 0.0001; 1.1181
25; 1.0000; 0.0000; 0.0000; 0.0000; 0.2668; 0.0958; 0.0059; 0.5896; 63878.43; 1395.47; 139546.74; 63878.43; 13.95; 139546.74; 0.0000; 0.0000; 0.0000; 1.0000; 0.0000; 0.0000; 0.00; 0.00; 0.00; 0.00; 0.00; 0.00; 0.00; 0.00; 0.00; 0; -0.0087; 0.0001; 0.9965; 14.4490; 0.0006; 6.3823; 2.4869; 0.0001; 1.1177
26; 1.0000; 0.0000; 0.0000; 0.0000; 0.2668; 0.0925; 0.0058; 0.5833; 69438.37; 1463.53; 146352.60; 69438.37; 14.64; 146352.60; 0.0000; 0.0000; 0.0000; 1.0000; 0.0000; 0.0000; 0.00; 0.00; 0.00; 0.00; 0.00; 0.00; 0.00; 0.00; 0.00; 0; -0.0022; 0.0001; 0.9942; 14.6219; 0.0006; 6.3474; 2.4886; 0.0001; 1.1192
27; 1.0000; 0.0000; 0.0000; 0.0000; 0.2668; 0.1031; 0.0058; 0.5794; 76286.64; 1555.14; 155514.40; 76286.64; 15.55; 155514.40; 0.0000; 0.0000; 0.0000; 1.0000; 0.0000; 0.0000; 0.00; 0.00; 0.00; 0.00; 0.00; 0.00; 0.00; 0.00; 0.00; 0; -0.0004; 0.0001; 1.0069; 14.4405; 0.0006; 6.3264; 2.4907; 0.0001; 1.1148
28; 1.0000; 0.0000; 0.0000; 0.0000; 0.2668; 0.0893; 0.0058; 0.5795; 81202.43; 1608.84; 160883.91; 81202.43; 16.09; 160883.91; 0.0000; 0.0000; 0.0000; 1.0000; 0.0000; 0.0000; 0.00; 0.00; 0.00; 0.00; 0.00; 0.00; 0.00; 0.00; 0.00; 0; 0.0028; 0.0001; 0.9973; 14.4724; 0.0006; 6.3388; 2.5117; 0.0001; 1.1264
29; 1.0000; 0.0000; 0.0000; 0.0000; 0.2668; 0.0991; 0.0058; 0.5790; 85964.32; 1654.35; 165435.01; 85964.32; 16.54; 165435.01; 0.0000; 0.0000; 0.0000; 1.0000; 0.0000; 0.0000; 0.00; 0.00; 0.00; 0.00; 0.00; 0.00; 0.00; 0.00; 0.00; 0; -0.0104; 0.0001; 1.0021; 14.4748; 0.0006; 6.3567; 2.5013; 0.0001; 1.1112
30; 1.0000; 0.0000; 0.0000; 0.0000; 0.2668; 0.0909; 0.0059; 0.5853; 90554.64; 1696.36; 169635.54; 90554.64; 16.96; 169635.54; 0.0000; 0.0000; 0.0000; 1.0000; 0.0000; 0.0000; 0.00; 0.00; 0.00; 0.00; 0.00; 0.00; 0.00; 0.00; 0.00; 0; -0.0004; 0.0001; 0.9904; 14.4907; 0.0006; 6.3686; 2.5139; 0.0001; 1.1156
31; 1.0000; 0.0000; 0.0000; 0.0000; 0.2668; 0.1046; 0.0057; 0.5740; 96938.92; 1769.07; 176906.92; 96938.92; 17.69; 176906.92; 0.0000; 0.0000; 0.0000; 1.0000; 0.0000; 0.0000; 0.00; 0.00; 0.00; 0.00; 0.00; 0.00; 0.00; 0.00; 0.00; 0; -0.0129; 0.0001; 1.0022; 14.4839; 0.0006; 6.3501; 2.4998; 0.0001; 1.1248
32; 1.0000; 0.0000; 0.0000; 0.0000; 0.2668; 0.0972; 0.0059; 0.5864; 102710.80; 1818.48; 181848.18; 102710.80; 18.18; 181848.18; 0.0000; 0.0000; 0.0000; 1.0000; 0.0000; 0.0000; 0.00; 0.00; 0.00; 0.00; 0.00; 0.00; 0.00; 0.00; 0.00; 0; 0.0062; 0.0001; 1.0010; 14.6457; 0.0006; 6.3071; 2.5059; 0.0001; 1.1329
33; 1.0000; 0.0000; 0.0000; 0.0000; 0.2668; 0.0914; 0.0059; 0.5879; 107420.07; 1855.25; 185524.56; 107420.07; 18.55; 185524.56; 0.0000; 0.0000; 0.0000; 1.0000; 0.0000; 0.0000; 0.00; 0.00; 0.00; 0.00; 0.00; 0.00; 0.00; 0.00; 0.00; 0; 0.0049; 0.0001; 1.0067; 14.5733; 0.0006; 6.2748; 2.5132; 0.0001; 1.1165
34; 1.0000; 0.0000; 0.0000; 0.0000; 0.2668; 0.0815; 0.0059; 0.5888; 112147.51; 1892.04; 189204.26; 112147.51; 18.92; 189204.26; 0.0000; 0.0000; 0.0000; 1.0000; 0.0000; 0.0000; 0.00; 0.00; 0.00; 0.00; 0.00; 0.00; 0.00; 0.00; 0.00; 0; 0.0070; 0.0001; 1.0077; 14.4583; 0.0006; 6.3424; 2.4817; 0.0001; 1.1125
35; 1.0000; 0.0000; 0.0000; 0.0000; 0.2668; 0.0834; 0.0059; 0.5864; 116746.19; 1934.71; 193471.40; 116746.19; 19.35; 193471.40; 0.0000; 0.0000; 0.0000; 1.0000; 0.0000; 0.0000; 0.00; 0.00; 0.00; 0.00; 0.00; 0.00; 0.00; 0.00; 0.00; 0; 0.0086; 0.0001; 1.0046; 14.4331; 0.0006; 6.3141; 2.5066; 0.0001; 1.1217
36; 1.0000; 0.0000; 0.0000; 0.0000; 0.2668; 0.0885; 0.0059; 0.5851; 122155.03; 1978.91; 197890.72; 122155.03; 19.79; 197890.72; 0.0000; 0.0000; 0.0000; 1.0000; 0.0000; 0.0000; 0.00; 0.00; 0.00; 0.00; 0.00; 0.00; 0.00; 0.00; 0.00; 0; -0.0086; 0.0001; 1.0090; 14.4302; 0.0006; 6.3263; 2.5197; 0.0001; 1.1156
37; 1.0000; 0.0000; 0.0000; 0.0000; 0.2668; 0.0896; 0.0059; 0.5923; 127405.27; 2011.10; 201110.50; 127405.27; 20.11; 201110.50; 0.0000; 0.0000; 0.0000; 1.0000; 0.0000; 0.0000; 0.00; 0.00; 0.00; 0.00; 0.00; 0.00; 0.00; 0.00; 0.00; 0; 0.0170; 0.0001; 0.9997; 14.4347; 0.0006; 6.3627; 2.4956; 0.0001; 1.1249
38; 1.0000; 0.0000; 0.0000; 0.0000; 0.2668; 0.0997; 0.0058; 0.5826; 133064.17; 2052.55; 205255.31; 133064.17; 20.53; 205255.31; 0.0000; 0.0000; 0.0000; 1.0000; 0.0000; 0.0000; 0.00; 0.00; 0.00; 0.00; 0.00; 0.00; 0.00; 0.00; 0.00; 0; -0.0008; 0.0001; 1.0019; 14.5310; 0.0006; 6.3241; 2.5093; 0.0001; 1.1206
39; 1.0000; 0.0000; 0.0000; 0.0000; 0.2668; 0.0904; 0.0059; 0.5940; 136492.12; 2077.94; 207793.88; 136492.12; 20.78; 207793.88; 0.0000; 0.0000; 0.0000; 1.0000; 0.0000; 0.0000; 0.00; 0.00; 0.00; 0.00; 0.00; 0.00; 0.00; 0.00; 0.00; 0; 0.0002; 0.0001; 0.9947; 14.4581; 0.0006; 6.3501; 2.4994; 0.0001; 1.1204
40; 1.0000; 0.0000; 0.0000; 0.0000; 0.2668; 0.0937; 0.0060; 0.5951; 141025.20; 2107.56; 210756.07; 141025.20; 21.08; 210756.07; 0.0000; 0.0000; 0.0000; 1.0000; 0.0000; 0.0000; 0.00; 0.00; 0.00; 0.00; 0.00; 0.00; 0.00; 0.00; 0.00; 0; 0.0149; 0.0001; 1.0196; 14.5771; 0.0006; 6.3513; 2.5005; 0.0001; 1.1126
41; 1.0000; 0.0000; 0.0000; 0.0000; 0.2668; 0.0802; 0.0060; 0.5962; 143496.23; 2110.75; 211075.30; 143496.23; 21.11; 211075.30; 0.0000; 0.0000; 0.0000; 1.0000; 0.0000; 0.0000; 0.00; 0.00; 0.00; 0.00; 0.00; 0.00; 0.00; 0.00; 0.00; 0; 0.0116; 0.0001; 0.9911; 14.4771; 0.0006; 6.3338; 2.4890; 0.0001; 1.1281
42; 1.0000; 0.0000; 0.0000; 0.0000; 0.2668; 0.0796; 0.0060; 0.5991; 146912.24; 2128.51; 212851.44; 146912.24; 21.29; 212851.44; 0.0000; 0.0000; 0.0000; 1.0000; 0.0000; 0.0000; 0.00; 0.00; 0.00; 0.00; 0.00; 0.00; 0.00; 0.00; 0.00; 0; -0.0174; 0.0001; 1.0008; 14.5962; 0.0006; 6.3935; 2.5057; 0.0001; 1.1242
43; 1.0000; 0.0000; 0.0000; 0.0000; 0.2668; 0.0976; 0.0058; 0.5793; 151812.78; 2165.67; 216567.31; 151812.78; 21.66; 216567.31; 0.0000; 0.0000; 0.0000; 1.0000; 0.0000; 0.0000; 0.00; 0.00; 0.00; 0.00; 0.00; 0.00; 0.00; 0.00; 0.00; 0; 0.0059; 0.0001; 1.0030; 14.4781; 0.0006; 6.3192; 2.4950; 0.0001; 1.1118
44; 1.0000; 0.0000; 0.0000; 0.0000; 0.2668; 0.0880; 0.0059; 0.5888; 154851.25; 2169.59; 216958.96; 154851.25; 21.70; 216958.96; 0.0000; 0.0000; 0.0000; 1.0000; 0.0000; 0.0000; 0.00; 0.00; 0.00; 0.00; 0.00; 0.00; 0.00; 0.00; 0.00; 0; 0.0134; 0.0001; 0.9991; 14.5767; 0.0006; 6.3814; 2.5016; 0.0001; 1.1121
45; 1.0000; 0.0000; 0.0000; 0.0000; 0.2668; 0.0878; 0.0059; 0.5930; 157992.19; 2182.11; 218211.25; 157992.19; 21.82; 218211.25; 0.0000; 0.0000; 0.0000; 1.0000; 0.0000; 0.0000; 0.00; 0.00; 0.00; 0.00; 0.00; 0.00; 0.00; 0.00; 0.00; 0; 0.0076; 0.0001; 0.9906; 14.4582; 0.0006; 6.3395; 2.4964; 0.0001; 1.1167
46; 1.0000; 0.0000; 0.0000; 0.0000; 0.2668; 0.0918; 0.0059; 0.5873; 163877.32; 2229.37; 222936.58; 163877.32; 22.29; 222936.58; 0.0000; 0.0000; 0.0000; 1.0000; 0.0000; 0.0000; 0.00; 0.00; 0.00; 0.00; 0.00; 0.00; 0.00; 0.00; 0.00; 0; -0.0113; 0.0001; 0.9997; 14.4919; 0.0006; 6.3815; 2.5093; 0.0001; 1.1027
47; 1.0000; 0.0000; 0.0000; 0.0000; 0.2668; 0.0880; 0.0059; 0.5880; 167803.58; 2255.51; 225550.83; 167803.58; 22.56; 225550.83; 0.0000; 0.0000; 0.0000; 1.0000; 0.0000; 0.0000; 0.00; 0.00; 0.00; 0.00; 0.00; 0.00; 0.00; 0.00; 0.00; 0; -0.0125; 0.0001; 1.0000; 14.4954; 0.0006; 6.3043; 2.5074; 0.0001; 1.1106
48; 1.0000; 0.0000; 0.0000; 0.0000; 0.2668; 0.0870; 0.0059; 0.5895; 170832.15; 2272.59; 227258.57; 170832.15; 22.73; 227258.57; 0.0000; 0.0000; 0.0000; 1.0000; 0.0000; 0.0000; 0.00; 0.00; 0.00; 0.00; 0.00; 0.00; 0.00; 0.00; 0.00; 0; 0.0008; 0.0001; 0.9988; 14.5597; 0.0006; 6.3161; 2.5105; 0.0001; 1.1145
49; 1.0000; 0.0000; 0.0000; 0.0000; 0.2668; 0.0798; 0.0059; 0.5918; 173009.03; 2269.18; 226918.28; 173009.03; 22.69; 226918.28; 0.0000; 0.0000; 0.0000; 1.0000; 0.0000; 0.0000; 0.00; 0.00; 0.00; 0.00; 0.00; 0.00; 0.00; 0.00; 0.00; 0; -0.0059; 0.0001; 1.0053; 14.5822; 0.0006; 6.3163; 2.5209; 0.0001; 1.1232
50; 1.0000; 0.0000; 0.0000; 0.0000; 0.2668; 0.0874; 0.0059; 0.5891; 175380.79; 2271.36; 227136.08; 175380.79; 22.71; 227136.08; 0.0000; 0.0000; 0.0000; 1.0000; 0.0000; 0.0000; 0.00; 0.00; 0.00; 0.00; 0.00; 0.00; 0.00; 0.00; 0.00; 0; -0.0017; 0.0001; 0.9957; 14.3924; 0.0006; 6.3591; 2.5149; 0.0001; 1.1151
Population 2: South Coast
0; 1.0000; 0.0000; 0.0000; 0.0000; 0.5247;      0;      0;      0; 110.00; 0.00; 0.00; 110.00; 0.00; 0.00; 0.0000; 0.0000; 0.0000; 1.0000; 0.0000; 0.0000; 0.00; 0.00; 0.00; 0.00; 0.00; 0.00; 0.00; 0.00; 0.00; 0; 0.0066; 0.0001; 0.9953; 14.4244; 0.0006; 6.3560; 2.4902; 0.0001; 1.1222
1; 1.0000; 0.0000; 0.0000; 0.0000; 0.5247; 0.6404; 0.0041; 0.4095; 224.63; 0.79; 79.03; 224.63; 0.01; 79.03; 0.0000; 0.0000; 0.0000; 1.0000; 0.0000; 0.0000; 0.00; 0.00; 0.00; 0.00; 0.00; 0.00; 0.00; 0.00; 0.00; 0; -0.0237; 0.0001; 1.0007; 14.3512; 0.0006; 6.3580; 2.4952; 0.0001; 1.1188
2; 1.0000; 0.0000; 0.0000; 0.0000; 0.5247; 0.5664; 0.0042; 0.4172; 425.84; 2.20; 219.68; 425.84; 0.02; 219.68; 0.0000; 0.0000; 0.0000; 1.0000; 0.0000; 0.0000; 0.00; 0.00; 0.00; 0.00; 0.00; 0.00; 0.00; 0.00; 0.00; 0; 0.0058; 0.0001; 1.0056; 14.5637; 0.0006; 6.3348; 2.5083; 0.0001; 1.1190
3; 1.0000; 0.0000; 0.0000; 0.0000; 0.5247; 0.5323; 0.0042; 0.4223; 779.19; 5.01; 500.69; 779.19; 0.05; 500.69; 0.0000; 0.0000; 0.0000; 1.0000; 0.0000; 0.0000; 0.00; 0.00; 0.00; 0.00; 0.00; 0.00; 0.00; 0.00; 0.00; 0; 0.0152; 0.0001; 1.0019; 14.5381; 0.0006; 6.3758; 2.5205; 0.0001; 1.1222
4; 1.0000; 0.0000; 0.0000; 0.0000; 0.5247; 0.4847; 0.0044; 0.4352; 1355.57; 10.22; 1022.49; 1355.57; 0.10; 1022.49; 0.0000; 0.0000; 0.0000; 1.0000; 0.0000; 0.0000; 0.00; 0.00; 0.00; 0.00; 0.00; 0.00; 0.00; 0.00; 0.00; 0; 0.0016; 0.0001; 1.0056; 14.5046; 0.0006; 6.3845; 2.5004; 0.0001; 1.1210
5; 1.0000; 0.0000; 0.0000; 0.0000; 0.5247; 0.4687; 0.0042; 0.4247; 2299.71; 19.78; 1978.50; 2299.71; 0.20; 1978.50; 0.0000; 0.0000; 0.0000; 1.0000; 0.0000; 0.0000; 0.00; 0.00; 0.00; 0.00; 0.00; 0.00; 0.00; 0.00; 0.00; 0; -0.0102; 0.0001; 1.0047; 14.3643; 0.0006; 6.3042; 2.5109; 0.0001; 1.1205
6; 1.0000; 0.0000; 0.0000; 0.0000; 0.5247; 0.4451; 0.0044; 0.4370; 3866.03; 38.38; 3838.19; 3866.03; 0.38; 3838.19; 0.0000; 0.0000; 0.0000; 1.0000; 0.0000; 0.0000; 0.00; 0.00; 0.00; 0.00; 0.00; 0.00; 0.00; 0.00; 0.00; 0; 0.0072; 0.0001; 1.0195; 14.4106; 0.0006; 6.3283; 2.4799; 0.0001; 1.1199
7; 1.0000; 0.0000; 0.0000; 0.0000; 0.5247; 0.4386; 0.0043; 0.4331; 6419.59; 71.23; 7123.17; 6419.59; 0.71; 7123.17; 0.0000; 0.0000; 0.0000; 1.0000; 0.0000; 0.0000; 0.00; 0.00; 0.00; 0.00; 0.00; 0.00; 0.00; 0.00; 0.00; 0; -0.0066; 0.0001; 0.9976; 14.4121; 0.0006; 6.3448; 2.5077; 0.0001; 1.1166
8; 1.0000; 0.0000; 0.0000; 0.0000; 0.5247; 0.4217; 0.0043; 0.4344; 10494.98; 128.44; 12844.29; 10494.98; 1.28; 12844.29; 0.0000; 0.0000; 0.0000; 1.0000; 0.0000; 0.0000; 0.00; 0.00; 0.00; 0.00; 0.00; 0.00; 0.00; 0.00; 0.00; 0; -0.0062; 0.0001; 0.9992; 14.5164; 0.0006; 6.3345; 2.5064; 0.0001; 1.1191
9; 1.0000; 0.0000; 0.0000; 0.0000; 0.5247; 0.4145; 0.0043; 0.4341; 17040.18; 230.15; 23015.36; 17040.18; 2.30; 23015.36; 0.0000; 0.0000; 0.0000; 1.0000; 0.0000; 0.0000; 0.00; 0.00; 0.00; 0.00; 0.00; 0.00; 0.00; 0.00; 0.00; 0; -0.0109; 0.0001; 0.9897; 14.5212; 0.0006; 6.3404; 2.5069; 0.0001; 1.1174
10; 1.0000; 0.0000; 0.0000; 0.0000; 0.5247; 0.4088; 0.0044; 0.4352; 27692.16; 398.08; 39807.68; 27692.16; 3.98; 39807.68; 0.0000; 0.0000; 0.0000; 1.0000; 0.0000; 0.0000; 0.00; 0.00; 0.00; 0.00; 0.00; 0.00; 0.00; 0.00; 0.00; 0; 0.0035; 0.0001; 1.0043; 14.5321; 0.0006; 6.3173; 2.5235; 0.0001; 1.1213
11; 1.0000; 0.0000; 0.0000; 0.0000; 0.5247; 0.4093; 0.0043; 0.4334; 44684.50; 668.09; 66809.02; 44684.50; 6.68; 66809.02; 0.0000; 0.0000; 0.0000; 1.0000; 0.0000; 0.0000; 0.00; 0.00; 0.00; 0.00; 0.00; 0.00; 0.00; 0.00; 0.00; 0; 0.0046; 0.0001; 0.9906; 14.5102; 0.0006; 6.3657; 2.5121; 0.0001; 1.1257
12; 1.0000; 0.0000; 0.0000; 0.0000; 0.5247; 0.4114; 0.0044; 0.4357; 69829.24; 1002.45; 100244.75; 69829.24; 10.02; 100244.75; 0.0000; 0.0000; 0.0000; 1.0000; 0.0000; 0.0000; 0.00; 0.00; 0.00; 0.00; 0.00; 0.00; 0.00; 0.00; 0.00; 0; 0.0072; 0.0001; 0.9924; 14.5807; 0.0006; 6.3553; 2.5160; 0.0001; 1.1150
13; 1.0000; 0.0000; 0.0000; 0.0000; 0.5247; 0.4083; 0.0043; 0.4333; 104290.47; 1365.68; 136568.05; 104290.47; 13.66; 136568.05; 0.0000; 0.0000; 0.0000; 1.0000; 0.0000; 0.0000; 0.00; 0.00; 0.00; 0.00; 0.00; 0.00; 0.00; 0.00; 0.00; 0; 0.0109; 0.0001; 0.9942; 14.4334; 0.0006; 6.3326; 2.5000; 0.0001; 1.1208
14; 1.0000; 0.0000; 0.0000; 0.0000; 0.5247; 0.4101; 0.0044; 0.4370; 147212.43; 1702.28; 170227.95; 147212.43; 17.02; 170227.95; 0.0000; 0.0000; 0.0000; 1.0000; 0.0000; 0.0000; 0.00; 0.00; 0.00; 0.00; 0.00; 0.00; 0.00; 0.00; 0.00; 0; 0.0042; 0.0001; 1.0018; 14.6057; 0.0006; 6.3536; 2.5013; 0.0001; 1.1274
15; 1.0000; 0.0000; 0.0000; 0.0000; 0.5247; 0.3951; 0.0044; 0.4442; 196612.54; 2003.72; 200371.77; 196612.54; 20.04; 200371.77; 0.0000; 0.0000; 0.0000; 1.0000; 0.0000; 0.0000; 0.00; 0.00; 0.00; 0.00; 0.00; 0.00; 0.00; 0.00; 0.00; 0; 0.0159; 0.0001; 1.0103; 14.4447; 0.0006; 6.3611; 2.4896; 0.0001; 1.1129
16; 1.0000; 0.0000; 0.0000; 0.0000; 0.5247; 0.4046; 0.0044; 0.4429; 248654.71; 2201.49; 220149.43; 248654.71; 22.01; 220149.43; 0.0000; 0.0000; 0.0000; 1.0000; 0.0000; 0.0000; 0.00; 0.00; 0.00; 0.00; 0.00; 0.00; 0.00; 0.00; 0.00; 0; 0.0035; 0.0001; 1.0016; 14.3841; 0.0006; 6.3520; 2.4935; 0.0001; 1.1194
17; 1.0000; 0.0000; 0.0000; 0.0000; 0.5247; 0.3981; 0.0044; 0.4427; 297882.02; 2300.73; 230072.82; 297882.02; 23.01; 230072.82; 0.0000; 0.0000; 0.0000; 1.0000; 0.0000; 0.0000; 0.00; 0.00; 0.00; 0.00; 0.00; 0.00; 0.00; 0.00; 0.00; 0; 0.0017; 0.0001; 1.0129; 14.5169; 0.0006; 6.3072; 2.4789; 0.0001; 1.1207
18; 1.0000; 0.0000; 0.0000; 0.0000; 0.5247; 0.4041; 0.0044; 0.4439; 344833.09; 2311.99; 231198.63; 344833.09; 23.12; 231198.63; 0.0000; 0.0000; 0.0000; 1.0000; 0.0000; 0.0000; 0.00; 0.00; 0.00; 0.00; 0.00; 0.00; 0.00; 0.00; 0.00; 0; 0.0109; 0.0001; 1.0089; 14.5346; 0.0006; 6.2939; 2.4880; 0.0001; 1.1278
19; 1.0000; 0.0000; 0.0000; 0.0000; 0.5247; 0.4034; 0.0043; 0.4340; 387259.57; 2260.16; 226015.65; 387259.57; 22.60; 226015.65; 0.0000; 0.0000; 0.0000; 1.0000; 0.0000; 0.0000; 0.00; 0.00; 0.00; 0.00; 0.00; 0.00; 0.00; 0.00; 0.00; 0; 0.0023; 0.0001; 1.0105; 14.6226; 0.0006; 6.3421; 2.4912; 0.0001; 1.1211
20; 1.0000; 0.0000; 0.0000; 0.0000; 0.5247; 0.4004; 0.0044; 0.4413; 424336.49; 2172.29; 217228.55; 424336.49; 21.72; 217228.55; 0.0000; 0.0000; 0.0000; 1.0000; 0.0000; 0.0000; 0.00; 0.00; 0.00; 0.00; 0.00; 0.00; 0.00; 0.00; 0.00; 0; -0.0134; 0.0001; 1.0074; 14.3647; 0.0006; 6.3295; 2.5047; 0.0001; 1.1137
21; 1.0000; 0.0000; 0.0000; 0.0000; 0.5247; 0.4036; 0.0044; 0.4401; 454185.92; 2066.64; 206664.20; 454185.92; 20.67; 206664.20; 0.0000; 0.0000; 0.0000; 1.0000; 0.0000; 0.0000; 0.00; 0.00; 0.00; 0.00; 0.00; 0.00; 0.00; 0.00; 0.00; 0; -0.0193; 0.0001; 1.0051; 14.6707; 0.0006; 6.3580; 2.4992; 0.0001; 1.1115
22; 1.0000; 0.0000; 0.0000; 0.0000; 0.5247; 0.3966; 0.0044; 0.4410; 477169.40; 1941.28; 194128.16; 477169.40; 19.41; 194128.16; 0.0000; 0.0000; 0.0000; 1.0000; 0.0000; 0.0000; 0.00; 0.00; 0.00; 0.00; 0.00; 0.00; 0.00; 0.00; 0.00; 0; 0.0070; 0.0001; 0.9938; 14.5623; 0.0006; 6.3297; 2.4842; 0.0001; 1.1187
23; 1.0000; 0.0000; 0.0000; 0.0000; 0.5247; 0.4082; 0.0044; 0.4358; 497223.40; 1810.30; 181029.61; 497223.40; 18.10; 181029.61; 0.0000; 0.0000; 0.0000; 1.0000; 0.0000; 0.0000; 0.00; 0.00; 0.00; 0.00; 0.00; 0.00; 0.00; 0.00; 0.00; 0; -0.0091; 0.0001; 0.9957; 14.5093; 0.0006; 6.3038; 2.5174; 0.0001; 1.1167
24; 1.0000; 0.0000; 0.0000; 0.0000; 0.5247; 0.4050; 0.0044; 0.4447; 511075.73; 1686.24; 168623.63; 511075.73; 16.86; 168623.63; 0.0000; 0.0000; 0.0000; 1.0000; 0.0000; 0.0000; 0.00; 0.00; 0.00; 0.00; 0.00; 0.00; 0.00; 0.00; 0.00; 0; -0.0048; 0.0001; 1.0019; 14.4496; 0.0006; 6.3871; 2.4919; 0.0001; 1.1181
25; 1.0000; 0.0000; 0.0000; 0.0000; 0.5247; 0.3961; 0.0045; 0.4549; 520937.58; 1591.81; 159180.92; 520937.58; 15.92; 159180.92; 0.0000; 0.0000; 0.0000; 1.0000; 0.0000; 0.0000; 0.00; 0.00; 0.00; 0.00; 0.00; 0.00; 0.00; 0.00; 0.00; 0; -0.0087; 0.0001; 0.9965; 14.4490; 0.0006; 6.3823; 2.4869; 0.0001; 1.1177
26; 1.0000; 0.0000; 0.0000; 0.0000; 0.5247; 0.3993; 0.0044; 0.4375; 532091.64; 1496.78; 149678.24; 532091.64; 14.97; 149678.24; 0.0000; 0.0000; 0.0000; 1.0000; 0.0000; 0.0000; 0.00; 0.00; 0.00; 0.00; 0.00; 0.00; 0.00; 0.00; 0.00; 0; -0.0022; 0.0001; 0.9942; 14.6219; 0.0006; 6.3474; 2.4886; 0.0001; 1.1192
27; 1.0000; 0.0000; 0.0000; 0.0000; 0.5247; 0.4062; 0.0044; 0.4364; 539318.28; 1411.64; 141163.67; 539318.28; 14.12; 141163.67; 0.0000; 0.0000; 0.0000; 1.0000; 0.0000; 0.0000; 0.00; 0.00; 0.00; 0.00; 0.00; 0.00; 0.00; 0.00; 0.00; 0; -0.0004; 0.0001; 1.0069; 14.4405; 0.0006; 6.3264; 2.4907; 0.0001; 1.1148
28; 1.0000; 0.0000; 0.0000; 0.0000; 0.5247; 0.4006; 0.0044; 0.4393; 544719.10; 1359.56; 135956.22; 544719.10; 13.60; 135956.22; 0.0000; 0.0000; 0.0000; 1.0000; 0.0000; 0.0000; 0.00; 0.00; 0.00; 0.00; 0.00; 0.00; 0.00; 0.00; 0.00; 0; 0.0028; 0.0001; 0.9973; 14.4724; 0.0006; 6.3388; 2.5117; 0.0001; 1.1264
29; 1.0000; 0.0000; 0.0000; 0.0000; 0.5247; 0.4052; 0.0044; 0.4399; 548985.53; 1307.32; 130731.99; 548985.53; 13.07; 130731.99; 0.0000; 0.0000; 0.0000; 1.0000; 0.0000; 0.0000; 0.00; 0.00; 0.00; 0.00; 0.00; 0.00; 0.00; 0.00; 0.00; 0; -0.0104; 0.0001; 1.0021; 14.4748; 0.0006; 6.3567; 2.5013; 0.0001; 1.1112
30; 1.0000; 0.0000; 0.0000; 0.0000; 0.5247; 0.4045; 0.0045; 0.4467; 551219.88; 1282.92; 128292.06; 551219.88; 12.83; 128292.06; 0.0000; 0.0000; 0.0000; 1.0000; 0.0000; 0.0000; 0.00; 0.00; 0.00; 0.00; 0.00; 0.00; 0.00; 0.00; 0.00; 0; -0.0004; 0.0001; 0.9904; 14.4907; 0.0006; 6.3686; 2.5139; 0.0001; 1.1156
31; 1.0000; 0.0000; 0.0000; 0.0000; 0.5247; 0.4097; 0.0044; 0.4426; 552959.11; 1256.19; 125618.52; 552959.11; 12.56; 125618.52; 0.0000; 0.0000; 0.0000; 1.0000; 0.0000; 0.0000; 0.00; 0.00; 0.00; 0.00; 0.00; 0.00; 0.00; 0.00; 0.00; 0; -0.0129; 0.0001; 1.0022; 14.4839; 0.0006; 6.3501; 2.4998; 0.0001; 1.1248
32; 1.0000; 0.0000; 0.0000; 0.0000; 0.5247; 0.4035; 0.0044; 0.4400; 553373.58; 1235.82; 123581.69; 553373.58; 12.36; 123581.69; 0.0000; 0.0000; 0.0000; 1.0000; 0.0000; 0.0000; 0.00; 0.00; 0.00; 0.00; 0.00; 0.00; 0.00; 0.00; 0.00; 0; 0.0062; 0.0001; 1.0010; 14.6457; 0.0006; 6.3071; 2.5059; 0.0001; 1.1329
33; 1.0000; 0.0000; 0.0000; 0.0000; 0.5247; 0.4046; 0.0044; 0.4422; 555851.60; 1223.46; 122345.67; 555851.60; 12.23; 122345.67; 0.0000; 0.0000; 0.0000; 1.0000; 0.0000; 0.0000; 0.00; 0.00; 0.00; 0.00; 0.00; 0.00; 0.00; 0.00; 0.00; 0; 0.0049; 0.0001; 1.0067; 14.5733; 0.0006; 6.2748; 2.5132; 0.0001; 1.1165
34; 1.0000; 0.0000; 0.0000; 0.0000; 0.5247; 0.4000; 0.0045; 0.4460; 554771.86; 1225.64; 122564.15; 554771.86; 12.26; 122564.15; 0.0000; 0.0000; 0.0000; 1.0000; 0.0000; 0.0000; 0.00; 0.00; 0.00; 0.00; 0.00; 0.00; 0.00; 0.00; 0.00; 0; 0.0070; 0.0001; 1.0077; 14.4583; 0.0006; 6.3424; 2.4817; 0.0001; 1.1125
35; 1.0000; 0.0000; 0.0000; 0.0000; 0.5247; 0.4015; 0.0044; 0.4360; 555984.37; 1211.77; 121176.99; 555984.37; 12.12; 121176.99; 0.0000; 0.0000; 0.0000; 1.0000; 0.0000; 0.0000; 0.00; 0.00; 0.00; 0.00; 0.00; 0.00; 0.00; 0.00; 0.00; 0; 0.0086; 0.0001; 1.0046; 14.4331; 0.0006; 6.3141; 2.5066; 0.0001; 1.1217
36; 1.0000; 0.0000; 0.0000; 0.0000; 0.5247; 0.4011; 0.0045; 0.4502; 555381.66; 1219.41; 121941.16; 555381.66; 12.19; 121941.16; 0.0000; 0.0000; 0.0000; 1.0000; 0.0000; 0.0000; 0.00; 0.00; 0.00; 0.00; 0.00; 0.00; 0.00; 0.00; 0.00; 0; -0.0086; 0.0001; 1.0090; 14.4302; 0.0006; 6.3263; 2.5197; 0.0001; 1.1156
37; 1.0000; 0.0000; 0.0000; 0.0000; 0.5247; 0.4032; 0.0044; 0.4439; 554977.70; 1203.33; 120332.52; 554977.70; 12.03; 120332.52; 0.0000; 0.0000; 0.0000; 1.0000; 0.0000; 0.0000; 0.00; 0.00; 0.00; 0.00; 0.00; 0.00; 0.00; 0.00; 0.00; 0; 0.0170; 0.0001; 0.9997; 14.4347; 0.0006; 6.3627; 2.4956; 0.0001; 1.1249
38; 1.0000; 0.0000; 0.0000; 0.0000; 0.5247; 0.3974; 0.0045; 0.4519; 555670.90; 1206.69; 120669.00; 555670.90; 12.07; 120669.00; 0.0000; 0.0000; 0.0000; 1.0000; 0.0000; 0.0000; 0.00; 0.00; 0.00; 0.00; 0.00; 0.00; 0.00; 0.00; 0.00; 0; -0.0008; 0.0001; 1.0019; 14.5310; 0.0006; 6.3241; 2.5093; 0.0001; 1.1206
39; 1.0000; 0.0000; 0.0000; 0.0000; 0.5247; 0.4127; 0.0044; 0.4389; 557170.74; 1186.75; 118675.20; 557170.74; 11.87; 118675.20; 0.0000; 0.0000; 0.0000; 1.0000; 0.0000; 0.0000; 0.00; 0.00; 0.00; 0.00; 0.00; 0.00; 0.00; 0.00; 0.00; 0; 0.0002; 0.0001; 0.9947; 14.4581; 0.0006; 6.3501; 2.4994; 0.0001; 1.1204
40; 1.0000; 0.0000; 0.0000; 0.0000; 0.5247; 0.4081; 0.0044; 0.4414; 556696.55; 1172.24; 117224.32; 556696.55; 11.72; 117224.32; 0.0000; 0.0000; 0.0000; 1.0000; 0.0000; 0.0000; 0.00; 0.00; 0.00; 0.00; 0.00; 0.00; 0.00; 0.00; 0.00; 0; 0.0149; 0.0001; 1.0196; 14.5771; 0.0006; 6.3513; 2.5005; 0.0001; 1.1126
41; 1.0000; 0.0000; 0.0000; 0.0000; 0.5247; 0.4071; 0.0044; 0.4416; 557798.89; 1168.95; 116894.60; 557798.89; 11.69; 116894.60; 0.0000; 0.0000; 0.0000; 1.0000; 0.0000; 0.0000; 0.00; 0.00; 0.00; 0.00; 0.00; 0.00; 0.00; 0.00; 0.00; 0; 0.0116; 0.0001; 0.9911; 14.4771; 0.0006; 6.3338; 2.4890; 0.0001; 1.1281
42; 1.0000; 0.0000; 0.0000; 0.0000; 0.5247; 0.4067; 0.0044; 0.4409; 558190.60; 1170.25; 117024.70; 558190.60; 11.70; 117024.70; 0.0000; 0.0000; 0.0000; 1.0000; 0.0000; 0.0000; 0.00; 0.00; 0.00; 0.00; 0.00; 0.00; 0.00; 0.00; 0.00; 0; -0.0174; 0.0001; 1.0008; 14.5962; 0.0006; 6.3935; 2.5057; 0.0001; 1.1242
43; 1.0000; 0.0000; 0.0000; 0.0000; 0.5247; 0.4044; 0.0044; 0.4357; 558575.43; 1155.29; 115529.06; 558575.43; 11.55; 115529.06; 0.0000; 0.0000; 0.0000; 1.0000; 0.0000; 0.0000; 0.00; 0.00; 0.00; 0.00; 0.00; 0.00; 0.00; 0.00; 0.00; 0; 0.0059; 0.0001; 1.0030; 14.4781; 0.0006; 6.3192; 2.4950; 0.0001; 1.1118
44; 1.0000; 0.0000; 0.0000; 0.0000; 0.5247; 0.4145; 0.0044; 0.4372; 559350.05; 1146.72; 114672.10; 559350.05; 11.47; 114672.10; 0.0000; 0.0000; 0.0000; 1.0000; 0.0000; 0.0000; 0.00; 0.00; 0.00; 0.00; 0.00; 0.00; 0.00; 0.00; 0.00; 0; 0.0134; 0.0001; 0.9991; 14.5767; 0.0006; 6.3814; 2.5016; 0.0001; 1.1121
45; 1.0000; 0.0000; 0.0000; 0.0000; 0.5247; 0.4070; 0.0043; 0.4342; 560912.46; 1136.93; 113692.63; 560912.46; 11.37; 113692.63; 0.0000; 0.0000; 0.0000; 1.0000; 0.0000; 0.0000; 0.00; 0.00; 0.00; 0.00; 0.00; 0.00; 0.00; 0.00; 0.00; 0; 0.0076; 0.0001; 0.9906; 14.4582; 0.0006; 6.3395; 2.4964; 0.0001; 1.1167
46; 1.0000; 0.0000; 0.0000; 0.0000; 0.5247; 0.4153; 0.0043; 0.4339; 561860.49; 1113.09; 111308.85; 561860.49; 11.13; 111308.85; 0.0000; 0.0000; 0.0000; 1.0000; 0.0000; 0.0000; 0.00; 0.00; 0.00; 0.00; 0.00; 0.00; 0.00; 0.00; 0.00; 0; -0.0113; 0.0001; 0.9997; 14.4919; 0.0006; 6.3815; 2.5093; 0.0001; 1.1027
47; 1.0000; 0.0000; 0.0000; 0.0000; 0.5247; 0.4100; 0.0044; 0.4441; 560002.13; 1129.45; 112944.61; 560002.13; 11.29; 112944.61; 0.0000; 0.0000; 0.0000; 1.0000; 0.0000; 0.0000; 0.00; 0.00; 0.00; 0.00; 0.00; 0.00; 0.00; 0.00; 0.00; 0; -0.0125; 0.0001; 1.0000; 14.4954; 0.0006; 6.3043; 2.5074; 0.0001; 1.1106
48; 1.0000; 0.0000; 0.0000; 0.0000; 0.5247; 0.4119; 0.0044; 0.4356; 561392.27; 1135.42; 113542.11; 561392.27; 11.35; 113542.11; 0.0000; 0.0000; 0.0000; 1.0000; 0.0000; 0.0000; 0.00; 0.00; 0.00; 0.00; 0.00; 0.00; 0.00; 0.00; 0.00; 0; 0.0008; 0.0001; 0.9988; 14.5597; 0.0006; 6.3161; 2.5105; 0.0001; 1.1145
49; 1.0000; 0.0000; 0.0000; 0.0000; 0.5247; 0.4015; 0.0044; 0.4393; 560027.67; 1152.27; 115227.29; 560027.67; 11.52; 115227.29; 0.0000; 0.0000; 0.0000; 1.0000; 0.0000; 0.0000; 0.00; 0.00; 0.00; 0.00; 0.00; 0.00; 0.00; 0.00; 0.00; 0; -0.0059; 0.0001; 1.0053; 14.5822; 0.0006; 6.3163; 2.5209; 0.0001; 1.1232
50; 1.0000; 0.0000; 0.0000; 0.0000; 0.5247; 0.4083; 0.0043; 0.4321; 560380.92; 1136.67; 113666.56; 560380.92; 11.37; 113666.56; 0.0000; 0.0000; 0.0000; 1.0000; 0.0000; 0.0000; 0.00; 0.00; 0.00; 0.00; 0.00; 0.00; 0.00; 0.00; 0.00; 0; -0.0017; 0.0001; 0.9957; 14.3924; 0.0006; 6.3591; 2.5149; 0.0001; 1.1151
Population 3: RWA
0; 1.0000; 0.0000; 0.0000; 0.0000; 0.5247;      0;      0;      0; 0.00; 0.00; 0.00; 0.00; 0.00; 0.00; 0.0000; 0.0000; 0.0000; 1.0000; 0.0000; 0.0000; 0.00; 0.00; 0.00; 0.00; 0.00; 0.00; 0.00; 0.00; 0.00; 0; 0.0066; 0.0001; 0.9953; 14.4244; 0.0006; 6.3560; 2.4902; 0.0001; 1.1222
1; 0.0000; 0.0000; 1.0000; 0.0000; 0.5247;      0;      0;      0; 0.00; 0.00; 0.00; 0.00; 0.00; 0.00; 0.0000; 0.0000; 0.0000; 1.0000; 0.0000; 0.0000; 0.00; 0.00; 0.00; 0.00; 0.00; 0.00; 1.00; 0.00; 0.00; 1; -0.0237; 0.0001; 1.0007; 14.3512; 0.0006; 6.3580; 2.4952; 0.0001; 1.1188
2; 0.0000; 0.0000; 0.0000; 0.0000; 0.5247;      0;      0;      0; 0.00; 0.00; 0.00; 0.00; 0.00; 0.00; 0.0000; 0.0000; 0.0000; 1.0000; 0.0000; 0.0000; 0.00; 0.00; 0.00; 0.00; 0.00; 0.00; 1.00; 0.00; 0.00; 1; 0.0058; 0.0001; 1.0056; 14.5637; 0.0006; 6.3348; 2.5083; 0.0001; 1.1190
3; 0.0296; 0.0017; 0.0000; 0.0000; 0.5247;      0;      0;      0; 111.45; 2.24; 38.59; 3.30; 0.00; 20.02; 0.0000; 0.0000; 0.0000; 1.0000; 0.0000; 0.0000; 0.00; 0.00; 0.00; 0.00; 0.00; 0.00; 1.00; 0.00; 0.00; 1; 0.0152; 0.0001; 1.0019; 14.5381; 0.0006; 6.3758; 2.5205; 0.0001; 1.1222
4; 0.2215; 0.0042; 0.0000; 0.0000; 0.5247; 1.0984; 0.0317; 0.5459; 157.58; 2.38; 111.81; 34.90; 0.01; 83.97; 0.0000; 0.0000; 0.0000; 1.0000; 0.0000; 0.0000; 0.00; 0.00; 0.00; 0.00; 0.00; 0.00; 1.00; 0.00; 0.00; 1; 0.0016; 0.0001; 1.0056; 14.5046; 0.0006; 6.3845; 2.5004; 0.0001; 1.1210
5; 0.4628; 0.0050; 0.0000; 0.0000; 0.5247; 1.0929; 0.0110; 0.5163; 297.42; 4.14; 281.40; 137.65; 0.02; 242.15; 0.0000; 0.0000; 0.0000; 1.0000; 0.0000; 0.0000; 0.00; 0.00; 0.00; 0.00; 0.00; 0.00; 1.00; 0.00; 0.00; 1; -0.0102; 0.0001; 1.0047; 14.3643; 0.0006; 6.3042; 2.5109; 0.0001; 1.1205
6; 0.6575; 0.0047; 0.0000; 0.0000; 0.5247; 1.0011; 0.0072; 0.4895; 597.51; 8.35; 677.12; 392.86; 0.06; 617.94; 0.0000; 0.0000; 0.0000; 1.0000; 0.0000; 0.0000; 0.00; 0.00; 0.00; 0.00; 0.00; 0.00; 1.00; 0.00; 0.00; 1; 0.0072; 0.0001; 1.0195; 14.4106; 0.0006; 6.3283; 2.4799; 0.0001; 1.1199
7; 0.7939; 0.0040; 0.0000; 0.0000; 0.5247; 0.9067; 0.0060; 0.4847; 1193.39; 17.38; 1548.33; 947.43; 0.15; 1461.59; 0.0000; 0.0000; 0.0000; 1.0000; 0.0000; 0.0000; 0.00; 0.00; 0.00; 0.00; 0.00; 0.00; 1.00; 0.00; 0.00; 1; -0.0066; 0.0001; 0.9976; 14.4121; 0.0006; 6.3448; 2.5077; 0.0001; 1.1166
8; 0.8765; 0.0033; 0.0000; 0.0000; 0.5247; 0.8190; 0.0052; 0.4613; 2367.65; 34.81; 3259.12; 2075.25; 0.31; 3149.09; 0.0000; 0.0000; 0.0000; 1.0000; 0.0000; 0.0000; 0.00; 0.00; 0.00; 0.00; 0.00; 0.00; 1.00; 0.00; 0.00; 1; -0.0062; 0.0001; 0.9992; 14.5164; 0.0006; 6.3345; 2.5064; 0.0001; 1.1191
9; 0.9256; 0.0026; 0.0000; 0.0000; 0.5247; 0.7491; 0.0048; 0.4451; 4632.76; 70.74; 6805.58; 4288.09; 0.67; 6659.42; 0.0000; 0.0000; 0.0000; 1.0000; 0.0000; 0.0000; 0.00; 0.00; 0.00; 0.00; 0.00; 0.00; 1.00; 0.00; 0.00; 1; -0.0109; 0.0001; 0.9897; 14.5212; 0.0006; 6.3404; 2.5069; 0.0001; 1.1174
10; 0.9552; 0.0021; 0.0000; 0.0000; 0.5247; 0.6841; 0.0047; 0.4477; 8796.52; 137.82; 13469.45; 8402.44; 1.33; 13289.43; 0.0000; 0.0000; 0.0000; 1.0000; 0.0000; 0.0000; 0.00; 0.00; 0.00; 0.00; 0.00; 0.00; 1.00; 0.00; 0.00; 1; 0.0035; 0.0001; 1.0043; 14.5321; 0.0006; 6.3173; 2.5235; 0.0001; 1.1213
11; 0.9712; 0.0017; 0.0000; 0.0000; 0.5247; 0.6528; 0.0044; 0.4317; 16846.22; 281.16; 27707.68; 16361.04; 2.75; 27450.72; 0.0000; 0.0000; 0.0000; 1.0000; 0.0000; 0.0000; 0.00; 0.00; 0.00; 0.00; 0.00; 0.00; 1.00; 0.00; 0.00; 1; 0.0046; 0.0001; 0.9906; 14.5102; 0.0006; 6.3657; 2.5121; 0.0001; 1.1257
12; 0.9831; 0.0013; 0.0000; 0.0000; 0.5247; 0.6273; 0.0043; 0.4239; 31746.84; 557.65; 55292.21; 31210.32; 5.50; 54975.47; 0.0000; 0.0000; 0.0000; 1.0000; 0.0000; 0.0000; 0.00; 0.00; 0.00; 0.00; 0.00; 0.00; 1.00; 0.00; 0.00; 1; 0.0072; 0.0001; 0.9924; 14.5807; 0.0006; 6.3553; 2.5160; 0.0001; 1.1150
13; 0.9895; 0.0010; 0.0000; 0.0000; 0.5247; 0.5916; 0.0043; 0.4233; 58121.69; 1063.45; 105784.89; 57511.41; 10.54; 105394.65; 0.0000; 0.0000; 0.0000; 1.0000; 0.0000; 0.0000; 0.00; 0.00; 0.00; 0.00; 0.00; 0.00; 1.00; 0.00; 0.00; 1; 0.0109; 0.0001; 0.9942; 14.4334; 0.0006; 6.3326; 2.5000; 0.0001; 1.1208
14; 0.9940; 0.0008; 0.0000; 0.0000; 0.5247; 0.5832; 0.0043; 0.4259; 105622.23; 1995.35; 198935.72; 104988.50; 19.85; 198505.63; 0.0000; 0.0000; 0.0000; 1.0000; 0.0000; 0.0000; 0.00; 0.00; 0.00; 0.00; 0.00; 0.00; 1.00; 0.00; 0.00; 1; 0.0042; 0.0001; 1.0018; 14.6057; 0.0006; 6.3536; 2.5013; 0.0001; 1.1274
15; 0.9969; 0.0006; 0.0000; 0.0000; 0.5247; 0.5533; 0.0043; 0.4263; 188081.90; 3527.31; 352184.14; 187498.85; 35.18; 351793.21; 0.0000; 0.0000; 0.0000; 1.0000; 0.0000; 0.0000; 0.00; 0.00; 0.00; 0.00; 0.00; 0.00; 1.00; 0.00; 0.00; 1; 0.0159; 0.0001; 1.0103; 14.4447; 0.0006; 6.3611; 2.4896; 0.0001; 1.1129
16; 0.9982; 0.0004; 0.0000; 0.0000; 0.5247; 0.5442; 0.0043; 0.4266; 330093.12; 6438.61; 643280.97; 329498.95; 64.29; 642854.00; 0.0000; 0.0000; 0.0000; 1.0000; 0.0000; 0.0000; 0.00; 0.00; 0.00; 0.00; 0.00; 0.00; 1.00; 0.00; 0.00; 1; 0.0035; 0.0001; 1.0016; 14.3841; 0.0006; 6.3520; 2.4935; 0.0001; 1.1194
17; 0.9989; 0.0003; 0.0000; 0.0000; 0.5247; 0.5298; 0.0042; 0.4219; 571623.29; 10911.54; 1090553.30; 570994.51; 109.01; 1090117.98; 0.0000; 0.0000; 0.0000; 1.0000; 0.0000; 0.0000; 0.00; 0.00; 0.00; 0.00; 0.00; 0.00; 1.00; 0.00; 0.00; 1; 0.0017; 0.0001; 1.0129; 14.5169; 0.0006; 6.3072; 2.4789; 0.0001; 1.1207
18; 0.9992; 0.0003; 0.0000; 0.0000; 0.5247; 0.5160; 0.0043; 0.4289; 949249.58; 16648.19; 1664152.47; 948490.18; 166.37; 1663703.11; 0.0000; 0.0000; 0.0000; 1.0000; 0.0000; 0.0000; 0.00; 0.00; 0.00; 0.00; 0.00; 0.00; 1.00; 0.00; 0.00; 1; 0.0109; 0.0001; 1.0089; 14.5346; 0.0006; 6.2939; 2.4880; 0.0001; 1.1278
19; 0.9996; 0.0002; 0.0000; 0.0000; 0.5247; 0.4963; 0.0044; 0.4394; 1483194.15; 23128.14; 2312351.53; 1482600.88; 231.21; 2312079.21; 0.0000; 0.0000; 0.0000; 1.0000; 0.0000; 0.0000; 0.00; 0.00; 0.00; 0.00; 0.00; 0.00; 1.00; 0.00; 0.00; 1; 0.0023; 0.0001; 1.0105; 14.6226; 0.0006; 6.3421; 2.4912; 0.0001; 1.1211
20; 0.9996; 0.0002; 0.0000; 0.0000; 0.5247; 0.4872; 0.0043; 0.4342; 2181516.28; 29577.87; 2957194.95; 2180643.67; 295.69; 2956925.20; 0.0000; 0.0000; 0.0000; 1.0000; 0.0000; 0.0000; 0.00; 0.00; 0.00; 0.00; 0.00; 0.00; 1.00; 0.00; 0.00; 1; -0.0134; 0.0001; 1.0074; 14.3647; 0.0006; 6.3295; 2.5047; 0.0001; 1.1137
21; 0.9998; 0.0001; 0.0000; 0.0000; 0.5247; 0.4804; 0.0043; 0.4331; 3002944.02; 34901.57; 3489807.55; 3002343.43; 348.97; 3489716.91; 0.0000; 0.0000; 0.0000; 1.0000; 0.0000; 0.0000; 0.00; 0.00; 0.00; 0.00; 0.00; 0.00; 1.00; 0.00; 0.00; 1; -0.0193; 0.0001; 1.0051; 14.6707; 0.0006; 6.3580; 2.4992; 0.0001; 1.1115
22; 0.9999; 0.0001; 0.0000; 0.0000; 0.5247; 0.4733; 0.0043; 0.4327; 3932341.17; 39196.96; 3919500.49; 3931947.94; 391.95; 3919501.75; 0.0000; 0.0000; 0.0000; 1.0000; 0.0000; 0.0000; 0.00; 0.00; 0.00; 0.00; 0.00; 0.00; 1.00; 0.00; 0.00; 1; 0.0070; 0.0001; 0.9938; 14.5623; 0.0006; 6.3297; 2.4842; 0.0001; 1.1187
23; 1.0000; 0.0000; 0.0000; 0.0000; 0.5247; 0.4691; 0.0044; 0.4360; 4887397.43; 41608.10; 4160809.69; 4887397.43; 416.08; 4160809.69; 0.0000; 0.0000; 0.0000; 1.0000; 0.0000; 0.0000; 0.00; 0.00; 0.00; 0.00; 0.00; 0.00; 1.00; 0.00; 0.00; 1; -0.0091; 0.0001; 0.9957; 14.5093; 0.0006; 6.3038; 2.5174; 0.0001; 1.1167
24; 1.0000; 0.0000; 0.0000; 0.0000; 0.5247; 0.4624; 0.0044; 0.4431; 5814079.63; 42333.33; 4233332.57; 5814079.63; 423.33; 4233332.57; 0.0000; 0.0000; 0.0000; 1.0000; 0.0000; 0.0000; 0.00; 0.00; 0.00; 0.00; 0.00; 0.00; 1.00; 0.00; 0.00; 1; -0.0048; 0.0001; 1.0019; 14.4496; 0.0006; 6.3871; 2.4919; 0.0001; 1.1181
25; 1.0000; 0.0000; 0.0000; 0.0000; 0.5247; 0.4556; 0.0044; 0.4390; 6672165.16; 41778.65; 4177865.34; 6672165.16; 417.79; 4177865.34; 0.0000; 0.0000; 0.0000; 1.0000; 0.0000; 0.0000; 0.00; 0.00; 0.00; 0.00; 0.00; 0.00; 1.00; 0.00; 0.00; 1; -0.0087; 0.0001; 0.9965; 14.4490; 0.0006; 6.3823; 2.4869; 0.0001; 1.1177
26; 1.0000; 0.0000; 0.0000; 0.0000; 0.5247; 0.4478; 0.0044; 0.4448; 7398804.52; 40124.53; 4012453.08; 7398804.52; 401.25; 4012453.08; 0.0000; 0.0000; 0.0000; 1.0000; 0.0000; 0.0000; 0.00; 0.00; 0.00; 0.00; 0.00; 0.00; 1.00; 0.00; 0.00; 1; -0.0022; 0.0001; 0.9942; 14.6219; 0.0006; 6.3474; 2.4886; 0.0001; 1.1192
27; 1.0000; 0.0000; 0.0000; 0.0000; 0.5247; 0.4584; 0.0044; 0.4397; 8072564.91; 37743.82; 3774382.49; 8072564.91; 377.44; 3774382.49; 0.0000; 0.0000; 0.0000; 1.0000; 0.0000; 0.0000; 0.00; 0.00; 0.00; 0.00; 0.00; 0.00; 1.00; 0.00; 0.00; 1; -0.0004; 0.0001; 1.0069; 14.4405; 0.0006; 6.3264; 2.4907; 0.0001; 1.1148
28; 1.0000; 0.0000; 0.0000; 0.0000; 0.5247; 0.4492; 0.0044; 0.4410; 8581199.65; 35062.51; 3506251.39; 8581199.65; 350.63; 3506251.39; 0.0000; 0.0000; 0.0000; 1.0000; 0.0000; 0.0000; 0.00; 0.00; 0.00; 0.00; 0.00; 0.00; 1.00; 0.00; 0.00; 1; 0.0028; 0.0001; 0.9973; 14.4724; 0.0006; 6.3388; 2.5117; 0.0001; 1.1264
29; 1.0000; 0.0000; 0.0000; 0.0000; 0.5247; 0.4506; 0.0044; 0.4388; 9002258.37; 32111.88; 3211188.47; 9002258.37; 321.12; 3211188.47; 0.0000; 0.0000; 0.0000; 1.0000; 0.0000; 0.0000; 0.00; 0.00; 0.00; 0.00; 0.00; 0.00; 1.00; 0.00; 0.00; 1; -0.0104; 0.0001; 1.0021; 14.4748; 0.0006; 6.3567; 2.5013; 0.0001; 1.1112
30; 1.0000; 0.0000; 0.0000; 0.0000; 0.5247; 0.4498; 0.0044; 0.4374; 9325982.35; 29582.48; 2958248.23; 9325982.35; 295.82; 2958248.23; 0.0000; 0.0000; 0.0000; 1.0000; 0.0000; 0.0000; 0.00; 0.00; 0.00; 0.00; 0.00; 0.00; 1.00; 0.00; 0.00; 1; -0.0004; 0.0001; 0.9904; 14.4907; 0.0006; 6.3686; 2.5139; 0.0001; 1.1156
31; 1.0000; 0.0000; 0.0000; 0.0000; 0.5247; 0.4529; 0.0044; 0.4376; 9580073.59; 27248.42; 2724841.76; 9580073.59; 272.48; 2724841.76; 0.0000; 0.0000; 0.0000; 1.0000; 0.0000; 0.0000; 0.00; 0.00; 0.00; 0.00; 0.00; 0.00; 1.00; 0.00; 0.00; 1; -0.0129; 0.0001; 1.0022; 14.4839; 0.0006; 6.3501; 2.4998; 0.0001; 1.1248
32; 1.0000; 0.0000; 0.0000; 0.0000; 0.5247; 0.4483; 0.0043; 0.4322; 9767384.63; 25364.87; 2536487.38; 9767384.63; 253.65; 2536487.38; 0.0000; 0.0000; 0.0000; 1.0000; 0.0000; 0.0000; 0.00; 0.00; 0.00; 0.00; 0.00; 0.00; 1.00; 0.00; 0.00; 1; 0.0062; 0.0001; 1.0010; 14.6457; 0.0006; 6.3071; 2.5059; 0.0001; 1.1329
33; 1.0000; 0.0000; 0.0000; 0.0000; 0.5247; 0.4509; 0.0043; 0.4331; 9882502.99; 23634.54; 2363454.07; 9882502.99; 236.35; 2363454.07; 0.0000; 0.0000; 0.0000; 1.0000; 0.0000; 0.0000; 0.00; 0.00; 0.00; 0.00; 0.00; 0.00; 1.00; 0.00; 0.00; 1; 0.0049; 0.0001; 1.0067; 14.5733; 0.0006; 6.2748; 2.5132; 0.0001; 1.1165
34; 1.0000; 0.0000; 0.0000; 0.0000; 0.5247; 0.4406; 0.0045; 0.4489; 9936243.54; 22853.25; 2285325.28; 9936243.54; 228.53; 2285325.28; 0.0000; 0.0000; 0.0000; 1.0000; 0.0000; 0.0000; 0.00; 0.00; 0.00; 0.00; 0.00; 0.00; 1.00; 0.00; 0.00; 1; 0.0070; 0.0001; 1.0077; 14.4583; 0.0006; 6.3424; 2.4817; 0.0001; 1.1125
35; 1.0000; 0.0000; 0.0000; 0.0000; 0.5247; 0.4455; 0.0044; 0.4371; 10004319.22; 22101.63; 2210163.04; 10004319.22; 221.02; 2210163.04; 0.0000; 0.0000; 0.0000; 1.0000; 0.0000; 0.0000; 0.00; 0.00; 0.00; 0.00; 0.00; 0.00; 1.00; 0.00; 0.00; 1; 0.0086; 0.0001; 1.0046; 14.4331; 0.0006; 6.3141; 2.5066; 0.0001; 1.1217
36; 1.0000; 0.0000; 0.0000; 0.0000; 0.5247; 0.4415; 0.0044; 0.4380; 10041711.64; 21287.76; 2128776.43; 10041711.64; 212.88; 2128776.43; 0.0000; 0.0000; 0.0000; 1.0000; 0.0000; 0.0000; 0.00; 0.00; 0.00; 0.00; 0.00; 0.00; 1.00; 0.00; 0.00; 1; -0.0086; 0.0001; 1.0090; 14.4302; 0.0006; 6.3263; 2.5197; 0.0001; 1.1156
37; 1.0000; 0.0000; 0.0000; 0.0000; 0.5247; 0.4477; 0.0044; 0.4399; 10073392.27; 20622.05; 2062204.84; 10073392.27; 206.22; 2062204.84; 0.0000; 0.0000; 0.0000; 1.0000; 0.0000; 0.0000; 0.00; 0.00; 0.00; 0.00; 0.00; 0.00; 1.00; 0.00; 0.00; 1; 0.0170; 0.0001; 0.9997; 14.4347; 0.0006; 6.3627; 2.4956; 0.0001; 1.1249
38; 1.0000; 0.0000; 0.0000; 0.0000; 0.5247; 0.4526; 0.0044; 0.4434; 10097444.91; 20013.54; 2001353.95; 10097444.91; 200.14; 2001353.95; 0.0000; 0.0000; 0.0000; 1.0000; 0.0000; 0.0000; 0.00; 0.00; 0.00; 0.00; 0.00; 0.00; 1.00; 0.00; 0.00; 1; -0.0008; 0.0001; 1.0019; 14.5310; 0.0006; 6.3241; 2.5093; 0.0001; 1.1206
39; 1.0000; 0.0000; 0.0000; 0.0000; 0.5247; 0.4538; 0.0043; 0.4342; 10140656.67; 19675.60; 1967560.33; 10140656.67; 196.76; 1967560.33; 0.0000; 0.0000; 0.0000; 1.0000; 0.0000; 0.0000; 0.00; 0.00; 0.00; 0.00; 0.00; 0.00; 1.00; 0.00; 0.00; 1; 0.0002; 0.0001; 0.9947; 14.4581; 0.0006; 6.3501; 2.4994; 0.0001; 1.1204
40; 1.0000; 0.0000; 0.0000; 0.0000; 0.5247; 0.4582; 0.0043; 0.4260; 10189960.24; 19081.69; 1908169.41; 10189960.24; 190.82; 1908169.41; 0.0000; 0.0000; 0.0000; 1.0000; 0.0000; 0.0000; 0.00; 0.00; 0.00; 0.00; 0.00; 0.00; 1.00; 0.00; 0.00; 1; 0.0149; 0.0001; 1.0196; 14.5771; 0.0006; 6.3513; 2.5005; 0.0001; 1.1126
41; 1.0000; 0.0000; 0.0000; 0.0000; 0.5247; 0.4452; 0.0045; 0.4461; 10154949.81; 19403.92; 1940391.57; 10154949.81; 194.04; 1940391.57; 0.0000; 0.0000; 0.0000; 1.0000; 0.0000; 0.0000; 0.00; 0.00; 0.00; 0.00; 0.00; 0.00; 1.00; 0.00; 0.00; 1; 0.0116; 0.0001; 0.9911; 14.4771; 0.0006; 6.3338; 2.4890; 0.0001; 1.1281
42; 1.0000; 0.0000; 0.0000; 0.0000; 0.5247; 0.4427; 0.0045; 0.4457; 10141207.40; 19826.35; 1982634.63; 10141207.40; 198.26; 1982634.63; 0.0000; 0.0000; 0.0000; 1.0000; 0.0000; 0.0000; 0.00; 0.00; 0.00; 0.00; 0.00; 0.00; 1.00; 0.00; 0.00; 1; -0.0174; 0.0001; 1.0008; 14.5962; 0.0006; 6.3935; 2.5057; 0.0001; 1.1242
43; 1.0000; 0.0000; 0.0000; 0.0000; 0.5247; 0.4428; 0.0044; 0.4428; 10137993.17; 19965.06; 1996505.77; 10137993.17; 199.65; 1996505.77; 0.0000; 0.0000; 0.0000; 1.0000; 0.0000; 0.0000; 0.00; 0.00; 0.00; 0.00; 0.00; 0.00; 1.00; 0.00; 0.00; 1; 0.0059; 0.0001; 1.0030; 14.4781; 0.0006; 6.3192; 2.4950; 0.0001; 1.1118
44; 1.0000; 0.0000; 0.0000; 0.0000; 0.5247; 0.4450; 0.0045; 0.4458; 10129804.30; 19967.64; 1996764.18; 10129804.30; 199.68; 1996764.18; 0.0000; 0.0000; 0.0000; 1.0000; 0.0000; 0.0000; 0.00; 0.00; 0.00; 0.00; 0.00; 0.00; 1.00; 0.00; 0.00; 1; 0.0134; 0.0001; 0.9991; 14.5767; 0.0006; 6.3814; 2.5016; 0.0001; 1.1121
45; 1.0000; 0.0000; 0.0000; 0.0000; 0.5247; 0.4509; 0.0042; 0.4243; 10175351.94; 19376.70; 1937670.50; 10175351.94; 193.77; 1937670.50; 0.0000; 0.0000; 0.0000; 1.0000; 0.0000; 0.0000; 0.00; 0.00; 0.00; 0.00; 0.00; 0.00; 1.00; 0.00; 0.00; 1; 0.0076; 0.0001; 0.9906; 14.4582; 0.0006; 6.3395; 2.4964; 0.0001; 1.1167
46; 1.0000; 0.0000; 0.0000; 0.0000; 0.5247; 0.4453; 0.0044; 0.4444; 10149270.66; 19585.77; 1958576.66; 10149270.66; 195.86; 1958576.66; 0.0000; 0.0000; 0.0000; 1.0000; 0.0000; 0.0000; 0.00; 0.00; 0.00; 0.00; 0.00; 0.00; 1.00; 0.00; 0.00; 1; -0.0113; 0.0001; 0.9997; 14.4919; 0.0006; 6.3815; 2.5093; 0.0001; 1.1027
47; 1.0000; 0.0000; 0.0000; 0.0000; 0.5247; 0.4412; 0.0044; 0.4433; 10130216.49; 19828.85; 1982884.67; 10130216.49; 198.29; 1982884.67; 0.0000; 0.0000; 0.0000; 1.0000; 0.0000; 0.0000; 0.00; 0.00; 0.00; 0.00; 0.00; 0.00; 1.00; 0.00; 0.00; 1; -0.0125; 0.0001; 1.0000; 14.4954; 0.0006; 6.3043; 2.5074; 0.0001; 1.1106
48; 1.0000; 0.0000; 0.0000; 0.0000; 0.5247; 0.4446; 0.0045; 0.4478; 10115443.85; 19970.09; 1997008.66; 10115443.85; 199.70; 1997008.66; 0.0000; 0.0000; 0.0000; 1.0000; 0.0000; 0.0000; 0.00; 0.00; 0.00; 0.00; 0.00; 0.00; 1.00; 0.00; 0.00; 1; 0.0008; 0.0001; 0.9988; 14.5597; 0.0006; 6.3161; 2.5105; 0.0001; 1.1145
49; 1.0000; 0.0000; 0.0000; 0.0000; 0.5247; 0.4403; 0.0044; 0.4431; 10126029.06; 19889.42; 1988942.00; 10126029.06; 198.89; 1988942.00; 0.0000; 0.0000; 0.0000; 1.0000; 0.0000; 0.0000; 0.00; 0.00; 0.00; 0.00; 0.00; 0.00; 1.00; 0.00; 0.00; 1; -0.0059; 0.0001; 1.0053; 14.5822; 0.0006; 6.3163; 2.5209; 0.0001; 1.1232
50; 1.0000; 0.0000; 0.0000; 0.0000; 0.5247; 0.4415; 0.0045; 0.4481; 10116817.52; 20031.02; 2003101.84; 10116817.52; 200.31; 2003101.84; 0.0000; 0.0000; 0.0000; 1.0000; 0.0000; 0.0000; 0.00; 0.00; 0.00; 0.00; 0.00; 0.00; 1.00; 0.00; 0.00; 1; -0.0017; 0.0001; 0.9957; 14.3924; 0.0006; 6.3591; 2.5149; 0.0001; 1.1151
Metapopulation
0; 1.0000; 0.0000; 0.0000; 0.0000; 0.5104;      0;      0;      0; 742.00; 0.00; 0.00; 742.00; 0.00; 0.00; 0.0000; 0.0000; 0.0000; 1.0000; 0.0000; 0.0000; 0.00; 0.00; 0.00; 0.00; 0.00; 0.00; 0.00; 0.00; 0.00; 0; 0.0066; 0.0001; 0.9953; 14.4244; 0.0006; 6.3560; 2.4902; 0.0001; 1.1222
1; 1.0000; 0.0000; 0.0000; 0.0000; 0.5104; 0.2242; 0.0048; 0.4841; 1028.31; 4.23; 422.97; 1028.31; 0.04; 422.97; 0.0000; 0.0000; 0.0000; 1.0000; 0.0000; 0.0000; 0.00; 0.00; 0.00; 0.00; 0.00; 0.00; 0.00; 0.00; 0.00; 0; -0.0237; 0.0001; 1.0007; 14.3512; 0.0006; 6.3580; 2.4952; 0.0001; 1.1188
2; 1.0000; 0.0000; 0.0000; 0.0000; 0.5104; 0.2470; 0.0046; 0.4621; 1436.40; 8.56; 856.21; 1436.40; 0.09; 856.21; 0.0000; 0.0000; 0.0000; 1.0000; 0.0000; 0.0000; 0.00; 0.00; 0.00; 0.00; 0.00; 0.00; 0.00; 0.00; 0.00; 0; 0.0058; 0.0001; 1.0056; 14.5637; 0.0006; 6.3348; 2.5083; 0.0001; 1.1190
3; 1.0000; 0.0000; 0.0000; 0.0000; 0.5104; 0.2878; 0.0044; 0.4405; 2059.98; 15.03; 1503.05; 2059.98; 0.15; 1503.05; 0.0000; 0.0000; 0.0000; 1.0000; 0.0000; 0.0000; 0.00; 0.00; 0.00; 0.00; 0.00; 0.00; 0.00; 0.00; 0.00; 0; 0.0152; 0.0001; 1.0019; 14.5381; 0.0006; 6.3758; 2.5205; 0.0001; 1.1222
4; 1.0000; 0.0000; 0.0000; 0.0000; 0.5104; 0.3078; 0.0044; 0.4353; 3002.26; 25.40; 2539.78; 3002.26; 0.25; 2539.78; 0.0000; 0.0000; 0.0000; 1.0000; 0.0000; 0.0000; 0.00; 0.00; 0.00; 0.00; 0.00; 0.00; 0.00; 0.00; 0.00; 0; 0.0016; 0.0001; 1.0056; 14.5046; 0.0006; 6.3845; 2.5004; 0.0001; 1.1210
5; 1.0000; 0.0000; 0.0000; 0.0000; 0.5104; 0.3362; 0.0042; 0.4192; 4449.88; 42.17; 4216.64; 4449.88; 0.42; 4216.64; 0.0000; 0.0000; 0.0000; 1.0000; 0.0000; 0.0000; 0.00; 0.00; 0.00; 0.00; 0.00; 0.00; 0.00; 0.00; 0.00; 0; -0.0102; 0.0001; 1.0047; 14.3643; 0.0006; 6.3042; 2.5109; 0.0001; 1.1205
6; 1.0000; 0.0000; 0.0000; 0.0000; 0.5104; 0.3510; 0.0042; 0.4165; 6762.22; 71.88; 7187.60; 6762.22; 0.72; 7187.60; 0.0000; 0.0000; 0.0000; 1.0000; 0.0000; 0.0000; 0.00; 0.00; 0.00; 0.00; 0.00; 0.00; 0.00; 0.00; 0.00; 0; 0.0072; 0.0001; 1.0195; 14.4106; 0.0006; 6.3283; 2.4799; 0.0001; 1.1199
7; 1.0000; 0.0000; 0.0000; 0.0000; 0.5104; 0.3781; 0.0041; 0.4071; 10481.59; 121.36; 12135.56; 10481.59; 1.21; 12135.56; 0.0000; 0.0000; 0.0000; 1.0000; 0.0000; 0.0000; 0.00; 0.00; 0.00; 0.00; 0.00; 0.00; 0.00; 0.00; 0.00; 0; -0.0066; 0.0001; 0.9976; 14.4121; 0.0006; 6.3448; 2.5077; 0.0001; 1.1166
8; 1.0000; 0.0000; 0.0000; 0.0000; 0.5104; 0.3879; 0.0040; 0.3996; 16405.99; 204.50; 20449.59; 16405.99; 2.04; 20449.59; 0.0000; 0.0000; 0.0000; 1.0000; 0.0000; 0.0000; 0.00; 0.00; 0.00; 0.00; 0.00; 0.00; 0.00; 0.00; 0.00; 0; -0.0062; 0.0001; 0.9992; 14.5164; 0.0006; 6.3345; 2.5064; 0.0001; 1.1191
9; 1.0000; 0.0000; 0.0000; 0.0000; 0.5104; 0.4029; 0.0039; 0.3934; 26071.32; 346.74; 34674.24; 26071.32; 3.47; 34674.24; 0.0000; 0.0000; 0.0000; 1.0000; 0.0000; 0.0000; 0.00; 0.00; 0.00; 0.00; 0.00; 0.00; 0.00; 0.00; 0.00; 0; -0.0109; 0.0001; 0.9897; 14.5212; 0.0006; 6.3404; 2.5069; 0.0001; 1.1174
10; 1.0000; 0.0000; 0.0000; 0.0000; 0.5104; 0.4115; 0.0039; 0.3894; 41864.41; 581.10; 58110.06; 41864.41; 5.81; 58110.06; 0.0000; 0.0000; 0.0000; 1.0000; 0.0000; 0.0000; 0.00; 0.00; 0.00; 0.00; 0.00; 0.00; 0.00; 0.00; 0.00; 0; 0.0035; 0.0001; 1.0043; 14.5321; 0.0006; 6.3173; 2.5235; 0.0001; 1.1213
11; 1.0000; 0.0000; 0.0000; 0.0000; 0.5104; 0.4246; 0.0038; 0.3844; 68376.57; 1001.12; 100112.23; 68376.57; 10.01; 100112.23; 0.0000; 0.0000; 0.0000; 1.0000; 0.0000; 0.0000; 0.00; 0.00; 0.00; 0.00; 0.00; 0.00; 0.00; 0.00; 0.00; 0; 0.0046; 0.0001; 0.9906; 14.5102; 0.0006; 6.3657; 2.5121; 0.0001; 1.1257
12; 1.0000; 0.0000; 0.0000; 0.0000; 0.5104; 0.4378; 0.0038; 0.3781; 110282.21; 1604.54; 160454.40; 110282.21; 16.05; 160454.40; 0.0000; 0.0000; 0.0000; 1.0000; 0.0000; 0.0000; 0.00; 0.00; 0.00; 0.00; 0.00; 0.00; 0.00; 0.00; 0.00; 0; 0.0072; 0.0001; 0.9924; 14.5807; 0.0006; 6.3553; 2.5160; 0.0001; 1.1150
13; 1.0000; 0.0000; 0.0000; 0.0000; 0.5104; 0.4419; 0.0037; 0.3747; 173245.78; 2407.70; 240770.31; 173245.78; 24.08; 240770.31; 0.0000; 0.0000; 0.0000; 1.0000; 0.0000; 0.0000; 0.00; 0.00; 0.00; 0.00; 0.00; 0.00; 0.00; 0.00; 0.00; 0; 0.0109; 0.0001; 0.9942; 14.4334; 0.0006; 6.3326; 2.5000; 0.0001; 1.1208
14; 1.0000; 0.0000; 0.0000; 0.0000; 0.5104; 0.4512; 0.0037; 0.3749; 266381.46; 3547.42; 354742.32; 266381.46; 35.47; 354742.32; 0.0000; 0.0000; 0.0000; 1.0000; 0.0000; 0.0000; 0.00; 0.00; 0.00; 0.00; 0.00; 0.00; 0.00; 0.00; 0.00; 0; 0.0042; 0.0001; 1.0018; 14.6057; 0.0006; 6.3536; 2.5013; 0.0001; 1.1274
15; 1.0000; 0.0000; 0.0000; 0.0000; 0.5104; 0.4452; 0.0037; 0.3731; 401525.64; 5211.74; 521173.83; 401525.64; 52.12; 521173.83; 0.0000; 0.0000; 0.0000; 1.0000; 0.0000; 0.0000; 0.00; 0.00; 0.00; 0.00; 0.00; 0.00; 0.00; 0.00; 0.00; 0; 0.0159; 0.0001; 1.0103; 14.4447; 0.0006; 6.3611; 2.4896; 0.0001; 1.1129
16; 1.0000; 0.0000; 0.0000; 0.0000; 0.5104; 0.4567; 0.0037; 0.3698; 599243.37; 8067.40; 806739.57; 599243.37; 80.67; 806739.57; 0.0000; 0.0000; 0.0000; 1.0000; 0.0000; 0.0000; 0.00; 0.00; 0.00; 0.00; 0.00; 0.00; 0.00; 0.00; 0.00; 0; 0.0035; 0.0001; 1.0016; 14.3841; 0.0006; 6.3520; 2.4935; 0.0001; 1.1194
17; 1.0000; 0.0000; 0.0000; 0.0000; 0.5104; 0.4559; 0.0037; 0.3684; 893676.69; 12457.00; 1245699.82; 893676.69; 124.57; 1245699.82; 0.0000; 0.0000; 0.0000; 1.0000; 0.0000; 0.0000; 0.00; 0.00; 0.00; 0.00; 0.00; 0.00; 0.00; 0.00; 0.00; 0; 0.0017; 0.0001; 1.0129; 14.5169; 0.0006; 6.3072; 2.4789; 0.0001; 1.1207
18; 1.0000; 0.0000; 0.0000; 0.0000; 0.5104; 0.4595; 0.0037; 0.3743; 1322254.31; 18119.50; 1811950.15; 1322254.31; 181.20; 1811950.15; 0.0000; 0.0000; 0.0000; 1.0000; 0.0000; 0.0000; 0.00; 0.00; 0.00; 0.00; 0.00; 0.00; 0.00; 0.00; 0.00; 0; 0.0109; 0.0001; 1.0089; 14.5346; 0.0006; 6.2939; 2.4880; 0.0001; 1.1278
19; 1.0000; 0.0000; 0.0000; 0.0000; 0.5104; 0.4573; 0.0037; 0.3742; 1902887.88; 24562.02; 2456201.83; 1902887.88; 245.62; 2456201.83; 0.0000; 0.0000; 0.0000; 1.0000; 0.0000; 0.0000; 0.00; 0.00; 0.00; 0.00; 0.00; 0.00; 0.00; 0.00; 0.00; 0; 0.0023; 0.0001; 1.0105; 14.6226; 0.0006; 6.3421; 2.4912; 0.0001; 1.1211
20; 1.0000; 0.0000; 0.0000; 0.0000; 0.5104; 0.4564; 0.0038; 0.3779; 2643049.64; 30955.11; 3095511.00; 2643049.64; 309.55; 3095511.00; 0.0000; 0.0000; 0.0000; 1.0000; 0.0000; 0.0000; 0.00; 0.00; 0.00; 0.00; 0.00; 0.00; 0.00; 0.00; 0.00; 0; -0.0134; 0.0001; 1.0074; 14.3647; 0.0006; 6.3295; 2.5047; 0.0001; 1.1137
21; 1.0000; 0.0000; 0.0000; 0.0000; 0.5104; 0.4589; 0.0038; 0.3784; 3500078.21; 36222.23; 3622222.57; 3500078.21; 362.22; 3622222.57; 0.0000; 0.0000; 0.0000; 1.0000; 0.0000; 0.0000; 0.00; 0.00; 0.00; 0.00; 0.00; 0.00; 0.00; 0.00; 0.00; 0; -0.0193; 0.0001; 1.0051; 14.6707; 0.0006; 6.3580; 2.4992; 0.0001; 1.1115
22; 1.0000; 0.0000; 0.0000; 0.0000; 0.5104; 0.4557; 0.0039; 0.3856; 4458001.54; 40460.14; 4046013.98; 4458001.54; 404.60; 4046013.98; 0.0000; 0.0000; 0.0000; 1.0000; 0.0000; 0.0000; 0.00; 0.00; 0.00; 0.00; 0.00; 0.00; 0.00; 0.00; 0.00; 0; 0.0070; 0.0001; 0.9938; 14.5623; 0.0006; 6.3297; 2.4842; 0.0001; 1.1187
23; 1.0000; 0.0000; 0.0000; 0.0000; 0.5104; 0.4584; 0.0039; 0.3930; 5438779.84; 42802.63; 4280262.53; 5438779.84; 428.03; 4280262.53; 0.0000; 0.0000; 0.0000; 1.0000; 0.0000; 0.0000; 0.00; 0.00; 0.00; 0.00; 0.00; 0.00; 0.00; 0.00; 0.00; 0; -0.0091; 0.0001; 0.9957; 14.5093; 0.0006; 6.3038; 2.5174; 0.0001; 1.1167
24; 1.0000; 0.0000; 0.0000; 0.0000; 0.5104; 0.4549; 0.0040; 0.4029; 6384322.57; 43451.90; 4345189.63; 6384322.57; 434.52; 4345189.63; 0.0000; 0.0000; 0.0000; 1.0000; 0.0000; 0.0000; 0.00; 0.00; 0.00; 0.00; 0.00; 0.00; 0.00; 0.00; 0.00; 0; -0.0048; 0.0001; 1.0019; 14.4496; 0.0006; 6.3871; 2.4919; 0.0001; 1.1181
25; 1.0000; 0.0000; 0.0000; 0.0000; 0.5104; 0.4515; 0.0040; 0.4038; 7256981.17; 42799.62; 4279961.89; 7256981.17; 428.00; 4279961.89; 0.0000; 0.0000; 0.0000; 1.0000; 0.0000; 0.0000; 0.00; 0.00; 0.00; 0.00; 0.00; 0.00; 0.00; 0.00; 0.00; 0; -0.0087; 0.0001; 0.9965; 14.4490; 0.0006; 6.3823; 2.4869; 0.0001; 1.1177
26; 1.0000; 0.0000; 0.0000; 0.0000; 0.5104; 0.4450; 0.0041; 0.4135; 8000334.53; 41054.20; 4105419.85; 8000334.53; 410.54; 4105419.85; 0.0000; 0.0000; 0.0000; 1.0000; 0.0000; 0.0000; 0.00; 0.00; 0.00; 0.00; 0.00; 0.00; 0.00; 0.00; 0.00; 0; -0.0022; 0.0001; 0.9942; 14.6219; 0.0006; 6.3474; 2.4886; 0.0001; 1.1192
27; 1.0000; 0.0000; 0.0000; 0.0000; 0.5104; 0.4566; 0.0041; 0.4094; 8688169.84; 38607.71; 3860770.73; 8688169.84; 386.08; 3860770.73; 0.0000; 0.0000; 0.0000; 1.0000; 0.0000; 0.0000; 0.00; 0.00; 0.00; 0.00; 0.00; 0.00; 0.00; 0.00; 0.00; 0; -0.0004; 0.0001; 1.0069; 14.4405; 0.0006; 6.3264; 2.4907; 0.0001; 1.1148
28; 1.0000; 0.0000; 0.0000; 0.0000; 0.5104; 0.4491; 0.0041; 0.4147; 9207121.18; 35854.98; 3585498.15; 9207121.18; 358.55; 3585498.15; 0.0000; 0.0000; 0.0000; 1.0000; 0.0000; 0.0000; 0.00; 0.00; 0.00; 0.00; 0.00; 0.00; 0.00; 0.00; 0.00; 0; 0.0028; 0.0001; 0.9973; 14.4724; 0.0006; 6.3388; 2.5117; 0.0001; 1.1264
29; 1.0000; 0.0000; 0.0000; 0.0000; 0.5104; 0.4505; 0.0041; 0.4146; 9637208.21; 32847.24; 3284723.51; 9637208.21; 328.47; 3284723.51; 0.0000; 0.0000; 0.0000; 1.0000; 0.0000; 0.0000; 0.00; 0.00; 0.00; 0.00; 0.00; 0.00; 0.00; 0.00; 0.00; 0; -0.0104; 0.0001; 1.0021; 14.4748; 0.0006; 6.3567; 2.5013; 0.0001; 1.1112
30; 1.0000; 0.0000; 0.0000; 0.0000; 0.5104; 0.4497; 0.0042; 0.4152; 9967756.87; 30269.71; 3026971.10; 9967756.87; 302.70; 3026971.10; 0.0000; 0.0000; 0.0000; 1.0000; 0.0000; 0.0000; 0.00; 0.00; 0.00; 0.00; 0.00; 0.00; 0.00; 0.00; 0.00; 0; -0.0004; 0.0001; 0.9904; 14.4907; 0.0006; 6.3686; 2.5139; 0.0001; 1.1156
31; 1.0000; 0.0000; 0.0000; 0.0000; 0.5104; 0.4537; 0.0042; 0.4152; 10229971.62; 27915.80; 2791579.64; 10229971.62; 279.16; 2791579.64; 0.0000; 0.0000; 0.0000; 1.0000; 0.0000; 0.0000; 0.00; 0.00; 0.00; 0.00; 0.00; 0.00; 0.00; 0.00; 0.00; 0; -0.0129; 0.0001; 1.0022; 14.4839; 0.0006; 6.3501; 2.4998; 0.0001; 1.1248
32; 1.0000; 0.0000; 0.0000; 0.0000; 0.5104; 0.4484; 0.0041; 0.4127; 10423469.01; 25994.16; 2599415.59; 10423469.01; 259.94; 2599415.59; 0.0000; 0.0000; 0.0000; 1.0000; 0.0000; 0.0000; 0.00; 0.00; 0.00; 0.00; 0.00; 0.00; 0.00; 0.00; 0.00; 0; 0.0062; 0.0001; 1.0010; 14.6457; 0.0006; 6.3071; 2.5059; 0.0001; 1.1329
33; 1.0000; 0.0000; 0.0000; 0.0000; 0.5104; 0.4513; 0.0041; 0.4128; 10545774.66; 24193.63; 2419363.32; 10545774.66; 241.94; 2419363.32; 0.0000; 0.0000; 0.0000; 1.0000; 0.0000; 0.0000; 0.00; 0.00; 0.00; 0.00; 0.00; 0.00; 0.00; 0.00; 0.00; 0; 0.0049; 0.0001; 1.0067; 14.5733; 0.0006; 6.2748; 2.5132; 0.0001; 1.1165
34; 1.0000; 0.0000; 0.0000; 0.0000; 0.5104; 0.4420; 0.0043; 0.4273; 10603162.90; 23379.90; 2337989.59; 10603162.90; 233.80; 2337989.59; 0.0000; 0.0000; 0.0000; 1.0000; 0.0000; 0.0000; 0.00; 0.00; 0.00; 0.00; 0.00; 0.00; 0.00; 0.00; 0.00; 0; 0.0070; 0.0001; 1.0077; 14.4583; 0.0006; 6.3424; 2.4817; 0.0001; 1.1125
35; 1.0000; 0.0000; 0.0000; 0.0000; 0.5104; 0.4458; 0.0042; 0.4171; 10677049.78; 22660.06; 2266005.88; 10677049.78; 226.60; 2266005.88; 0.0000; 0.0000; 0.0000; 1.0000; 0.0000; 0.0000; 0.00; 0.00; 0.00; 0.00; 0.00; 0.00; 0.00; 0.00; 0.00; 0; 0.0086; 0.0001; 1.0046; 14.4331; 0.0006; 6.3141; 2.5066; 0.0001; 1.1217
36; 1.0000; 0.0000; 0.0000; 0.0000; 0.5104; 0.4420; 0.0042; 0.4189; 10719248.33; 21851.18; 2185117.73; 10719248.33; 218.51; 2185117.73; 0.0000; 0.0000; 0.0000; 1.0000; 0.0000; 0.0000; 0.00; 0.00; 0.00; 0.00; 0.00; 0.00; 0.00; 0.00; 0.00; 0; -0.0086; 0.0001; 1.0090; 14.4302; 0.0006; 6.3263; 2.5197; 0.0001; 1.1156
37; 1.0000; 0.0000; 0.0000; 0.0000; 0.5104; 0.4483; 0.0042; 0.4203; 10755775.24; 21166.17; 2116617.39; 10755775.24; 211.66; 2116617.39; 0.0000; 0.0000; 0.0000; 1.0000; 0.0000; 0.0000; 0.00; 0.00; 0.00; 0.00; 0.00; 0.00; 0.00; 0.00; 0.00; 0; 0.0170; 0.0001; 0.9997; 14.4347; 0.0006; 6.3627; 2.4956; 0.0001; 1.1249
38; 1.0000; 0.0000; 0.0000; 0.0000; 0.5104; 0.4523; 0.0042; 0.4246; 10786179.99; 20565.87; 2056587.31; 10786179.99; 205.66; 2056587.31; 0.0000; 0.0000; 0.0000; 1.0000; 0.0000; 0.0000; 0.00; 0.00; 0.00; 0.00; 0.00; 0.00; 0.00; 0.00; 0.00; 0; -0.0008; 0.0001; 1.0019; 14.5310; 0.0006; 6.3241; 2.5093; 0.0001; 1.1206
39; 1.0000; 0.0000; 0.0000; 0.0000; 0.5104; 0.4539; 0.0042; 0.4152; 10834319.53; 20200.08; 2020008.46; 10834319.53; 202.00; 2020008.46; 0.0000; 0.0000; 0.0000; 1.0000; 0.0000; 0.0000; 0.00; 0.00; 0.00; 0.00; 0.00; 0.00; 0.00; 0.00; 0.00; 0; 0.0002; 0.0001; 0.9947; 14.4581; 0.0006; 6.3501; 2.4994; 0.0001; 1.1204
40; 1.0000; 0.0000; 0.0000; 0.0000; 0.5104; 0.4576; 0.0041; 0.4078; 10887681.99; 19613.85; 1961384.72; 10887681.99; 196.14; 1961384.72; 0.0000; 0.0000; 0.0000; 1.0000; 0.0000; 0.0000; 0.00; 0.00; 0.00; 0.00; 0.00; 0.00; 0.00; 0.00; 0.00; 0; 0.0149; 0.0001; 1.0196; 14.5771; 0.0006; 6.3513; 2.5005; 0.0001; 1.1126
41; 1.0000; 0.0000; 0.0000; 0.0000; 0.5104; 0.4457; 0.0043; 0.4257; 10856244.93; 19930.14; 1993013.72; 10856244.93; 199.30; 1993013.72; 0.0000; 0.0000; 0.0000; 1.0000; 0.0000; 0.0000; 0.00; 0.00; 0.00; 0.00; 0.00; 0.00; 0.00; 0.00; 0.00; 0; 0.0116; 0.0001; 0.9911; 14.4771; 0.0006; 6.3338; 2.4890; 0.0001; 1.1281
42; 1.0000; 0.0000; 0.0000; 0.0000; 0.5104; 0.4430; 0.0043; 0.4259; 10846310.24; 20404.32; 2040431.60; 10846310.24; 204.04; 2040431.60; 0.0000; 0.0000; 0.0000; 1.0000; 0.0000; 0.0000; 0.00; 0.00; 0.00; 0.00; 0.00; 0.00; 0.00; 0.00; 0.00; 0; -0.0174; 0.0001; 1.0008; 14.5962; 0.0006; 6.3935; 2.5057; 0.0001; 1.1242
43; 1.0000; 0.0000; 0.0000; 0.0000; 0.5104; 0.4432; 0.0042; 0.4221; 10848381.37; 20530.21; 2053021.21; 10848381.37; 205.30; 2053021.21; 0.0000; 0.0000; 0.0000; 1.0000; 0.0000; 0.0000; 0.00; 0.00; 0.00; 0.00; 0.00; 0.00; 0.00; 0.00; 0.00; 0; 0.0059; 0.0001; 1.0030; 14.4781; 0.0006; 6.3192; 2.4950; 0.0001; 1.1118
44; 1.0000; 0.0000; 0.0000; 0.0000; 0.5104; 0.4456; 0.0042; 0.4242; 10844005.60; 20511.35; 2051135.11; 10844005.60; 205.11; 2051135.11; 0.0000; 0.0000; 0.0000; 1.0000; 0.0000; 0.0000; 0.00; 0.00; 0.00; 0.00; 0.00; 0.00; 0.00; 0.00; 0.00; 0; 0.0134; 0.0001; 0.9991; 14.5767; 0.0006; 6.3814; 2.5016; 0.0001; 1.1121
45; 1.0000; 0.0000; 0.0000; 0.0000; 0.5104; 0.4503; 0.0041; 0.4061; 10894256.59; 19907.03; 1990702.66; 10894256.59; 199.07; 1990702.66; 0.0000; 0.0000; 0.0000; 1.0000; 0.0000; 0.0000; 0.00; 0.00; 0.00; 0.00; 0.00; 0.00; 0.00; 0.00; 0.00; 0; 0.0076; 0.0001; 0.9906; 14.4582; 0.0006; 6.3395; 2.4964; 0.0001; 1.1167
46; 1.0000; 0.0000; 0.0000; 0.0000; 0.5104; 0.4456; 0.0042; 0.4236; 10875008.46; 20147.35; 2014735.43; 10875008.46; 201.47; 2014735.43; 0.0000; 0.0000; 0.0000; 1.0000; 0.0000; 0.0000; 0.00; 0.00; 0.00; 0.00; 0.00; 0.00; 0.00; 0.00; 0.00; 0; -0.0113; 0.0001; 0.9997; 14.4919; 0.0006; 6.3815; 2.5093; 0.0001; 1.1027
47; 1.0000; 0.0000; 0.0000; 0.0000; 0.5104; 0.4413; 0.0042; 0.4242; 10858022.20; 20460.88; 2046088.45; 10858022.20; 204.61; 2046088.45; 0.0000; 0.0000; 0.0000; 1.0000; 0.0000; 0.0000; 0.00; 0.00; 0.00; 0.00; 0.00; 0.00; 0.00; 0.00; 0.00; 0; -0.0125; 0.0001; 1.0000; 14.4954; 0.0006; 6.3043; 2.5074; 0.0001; 1.1106
48; 1.0000; 0.0000; 0.0000; 0.0000; 0.5104; 0.4445; 0.0043; 0.4269; 10847668.27; 20607.90; 2060790.20; 10847668.27; 206.08; 2060790.20; 0.0000; 0.0000; 0.0000; 1.0000; 0.0000; 0.0000; 0.00; 0.00; 0.00; 0.00; 0.00; 0.00; 0.00; 0.00; 0.00; 0; 0.0008; 0.0001; 0.9988; 14.5597; 0.0006; 6.3161; 2.5105; 0.0001; 1.1145
49; 1.0000; 0.0000; 0.0000; 0.0000; 0.5104; 0.4402; 0.0042; 0.4212; 10859065.77; 20495.31; 2049531.02; 10859065.77; 204.95; 2049531.02; 0.0000; 0.0000; 0.0000; 1.0000; 0.0000; 0.0000; 0.00; 0.00; 0.00; 0.00; 0.00; 0.00; 0.00; 0.00; 0.00; 0; -0.0059; 0.0001; 1.0053; 14.5822; 0.0006; 6.3163; 2.5209; 0.0001; 1.1232
50; 1.0000; 0.0000; 0.0000; 0.0000; 0.5104; 0.4418; 0.0043; 0.4260; 10852579.23; 20608.10; 2060809.88; 10852579.23; 206.08; 2060809.88; 0.0000; 0.0000; 0.0000; 1.0000; 0.0000; 0.0000; 0.00; 0.00; 0.00; 0.00; 0.00; 0.00; 0.00; 0.00; 0.00; 0; -0.0017; 0.0001; 0.9957; 14.3924; 0.0006; 6.3591; 2.5149; 0.0001; 1.1151
