    Year (Census)
    Proportion of populations extant, SE
    Proportion of populations going extinct for the first time in year, SE
    Deterministic growth, Stochastic growth, SE, SD
    Mean population size (across extant populations), SE, SD
    Mean population size (across all populations), SE, SD
    Population-based model: No genetic data (12 skipped fields)



    Mean time to extinction, SE, SD
    Median time to extinction
    GSVars(3): Mean, SE, SD
Year;PExtant;SE(PExtant);PExtinct;SE(PExtinct);r-det;r-stoch;SE(r);SD(r);Nextant;SE(Nextant);SD(Nextant);Nall;SE(Nall);SD(Nall);Het;SE(Het);SD(Het);Inbr;SE(Inbr);SD(Inbr);Nalleles;SE(Nalleles);SD(Nalleles);Nlethals;SE(Nlethals);SD(Nlethals);TE;SE(TE);SD(TE);medTE;NRANDx;SE(NRANDx);SD(NRANDx);immigBord;SE(immigBord);SD(immigBord);immigSC;SE(immigSC);SD(immigSC)
Control_SC11
Population 1: Border
0; 1.0000; 0.0000; 0.0000; 0.0000; 0.5247;      0;      0;      0; 632.00; 0.00; 0.00; 632.00; 0.00; 0.00; 0.0000; 0.0000; 0.0000; 1.0000; 0.0000; 0.0000; 0.00; 0.00; 0.00; 0.00; 0.00; 0.00; 0.00; 0.00; 0.00; 0; 0.0103; 0.0001; 1.0030; 14.4577; 0.0006; 6.3924; 2.5259; 0.0001; 1.1131
1; 1.0000; 0.0000; 0.0000; 0.0000; 0.5247; 0.4141; 0.0043; 0.4300; 1035.31; 3.75; 374.80; 1035.31; 0.04; 374.80; 0.0000; 0.0000; 0.0000; 1.0000; 0.0000; 0.0000; 0.00; 0.00; 0.00; 0.00; 0.00; 0.00; 0.00; 0.00; 0.00; 0; 0.0069; 0.0001; 1.0059; 14.4733; 0.0006; 6.3582; 2.4953; 0.0001; 1.1241
2; 1.0000; 0.0000; 0.0000; 0.0000; 0.5247; 0.4035; 0.0043; 0.4349; 1679.20; 8.99; 899.08; 1679.20; 0.09; 899.08; 0.0000; 0.0000; 0.0000; 1.0000; 0.0000; 0.0000; 0.00; 0.00; 0.00; 0.00; 0.00; 0.00; 0.00; 0.00; 0.00; 0; -0.0087; 0.0001; 1.0029; 14.5261; 0.0006; 6.3573; 2.5005; 0.0001; 1.1151
3; 1.0000; 0.0000; 0.0000; 0.0000; 0.5247; 0.4068; 0.0044; 0.4395; 2728.49; 18.39; 1839.19; 2728.49; 0.18; 1839.19; 0.0000; 0.0000; 0.0000; 1.0000; 0.0000; 0.0000; 0.00; 0.00; 0.00; 0.00; 0.00; 0.00; 0.00; 0.00; 0.00; 0; -0.0040; 0.0001; 0.9979; 14.4240; 0.0006; 6.3772; 2.5000; 0.0001; 1.1203
4; 1.0000; 0.0000; 0.0000; 0.0000; 0.5247; 0.4079; 0.0044; 0.4361; 4455.90; 36.14; 3614.47; 4455.90; 0.36; 3614.47; 0.0000; 0.0000; 0.0000; 1.0000; 0.0000; 0.0000; 0.00; 0.00; 0.00; 0.00; 0.00; 0.00; 0.00; 0.00; 0.00; 0; 0.0033; 0.0001; 1.0035; 14.6513; 0.0006; 6.3509; 2.4958; 0.0001; 1.1264
5; 1.0000; 0.0000; 0.0000; 0.0000; 0.5247; 0.4016; 0.0044; 0.4420; 7229.16; 68.93; 6892.75; 7229.16; 0.69; 6892.75; 0.0000; 0.0000; 0.0000; 1.0000; 0.0000; 0.0000; 0.00; 0.00; 0.00; 0.00; 0.00; 0.00; 0.00; 0.00; 0.00; 0; 0.0001; 0.0001; 0.9977; 14.4779; 0.0006; 6.3415; 2.4956; 0.0001; 1.1226
6; 1.0000; 0.0000; 0.0000; 0.0000; 0.5247; 0.3950; 0.0044; 0.4417; 11670.08; 128.15; 12814.91; 11670.08; 1.28; 12814.91; 0.0000; 0.0000; 0.0000; 1.0000; 0.0000; 0.0000; 0.00; 0.00; 0.00; 0.00; 0.00; 0.00; 0.00; 0.00; 0.00; 0; -0.0116; 0.0001; 1.0021; 14.5603; 0.0006; 6.3318; 2.5027; 0.0001; 1.1203
7; 1.0000; 0.0000; 0.0000; 0.0000; 0.5247; 0.3914; 0.0045; 0.4494; 18762.31; 228.41; 22841.39; 18762.31; 2.28; 22841.39; 0.0000; 0.0000; 0.0000; 1.0000; 0.0000; 0.0000; 0.00; 0.00; 0.00; 0.00; 0.00; 0.00; 0.00; 0.00; 0.00; 0; 0.0055; 0.0001; 1.0127; 14.6346; 0.0006; 6.2960; 2.5097; 0.0001; 1.1157
8; 1.0000; 0.0000; 0.0000; 0.0000; 0.5247; 0.4013; 0.0045; 0.4478; 30358.02; 400.53; 40052.89; 30358.02; 4.01; 40052.89; 0.0000; 0.0000; 0.0000; 1.0000; 0.0000; 0.0000; 0.00; 0.00; 0.00; 0.00; 0.00; 0.00; 0.00; 0.00; 0.00; 0; -0.0038; 0.0001; 1.0027; 14.5812; 0.0006; 6.3030; 2.5018; 0.0001; 1.1176
9; 1.0000; 0.0000; 0.0000; 0.0000; 0.5247; 0.3957; 0.0045; 0.4467; 48587.92; 679.71; 67971.10; 48587.92; 6.80; 67971.10; 0.0000; 0.0000; 0.0000; 1.0000; 0.0000; 0.0000; 0.00; 0.00; 0.00; 0.00; 0.00; 0.00; 0.00; 0.00; 0.00; 0; 0.0067; 0.0001; 0.9999; 14.4863; 0.0006; 6.3343; 2.5169; 0.0001; 1.1147
10; 1.0000; 0.0000; 0.0000; 0.0000; 0.5247; 0.3974; 0.0044; 0.4386; 75992.17; 1041.40; 104139.51; 75992.17; 10.41; 104139.51; 0.0000; 0.0000; 0.0000; 1.0000; 0.0000; 0.0000; 0.00; 0.00; 0.00; 0.00; 0.00; 0.00; 0.00; 0.00; 0.00; 0; -0.0078; 0.0001; 0.9922; 14.5277; 0.0006; 6.3722; 2.5024; 0.0001; 1.1151
11; 1.0000; 0.0000; 0.0000; 0.0000; 0.5247; 0.3943; 0.0044; 0.4428; 114717.71; 1467.34; 146733.99; 114717.71; 14.67; 146733.99; 0.0000; 0.0000; 0.0000; 1.0000; 0.0000; 0.0000; 0.00; 0.00; 0.00; 0.00; 0.00; 0.00; 0.00; 0.00; 0.00; 0; -0.0065; 0.0001; 1.0047; 14.5485; 0.0006; 6.3185; 2.4954; 0.0001; 1.1199
12; 1.0000; 0.0000; 0.0000; 0.0000; 0.5247; 0.3990; 0.0044; 0.4448; 162697.95; 1861.65; 186165.36; 162697.95; 18.62; 186165.36; 0.0000; 0.0000; 0.0000; 1.0000; 0.0000; 0.0000; 0.00; 0.00; 0.00; 0.00; 0.00; 0.00; 0.00; 0.00; 0.00; 0; -0.0034; 0.0001; 0.9961; 14.5139; 0.0006; 6.3473; 2.5014; 0.0001; 1.1104
13; 1.0000; 0.0000; 0.0000; 0.0000; 0.5247; 0.3974; 0.0044; 0.4421; 217260.62; 2185.24; 218523.83; 217260.62; 21.85; 218523.83; 0.0000; 0.0000; 0.0000; 1.0000; 0.0000; 0.0000; 0.00; 0.00; 0.00; 0.00; 0.00; 0.00; 0.00; 0.00; 0.00; 0; -0.0032; 0.0001; 0.9930; 14.4552; 0.0006; 6.3092; 2.4829; 0.0001; 1.1140
14; 1.0000; 0.0000; 0.0000; 0.0000; 0.5247; 0.4051; 0.0044; 0.4391; 273851.46; 2392.17; 239217.36; 273851.46; 23.92; 239217.36; 0.0000; 0.0000; 0.0000; 1.0000; 0.0000; 0.0000; 0.00; 0.00; 0.00; 0.00; 0.00; 0.00; 0.00; 0.00; 0.00; 0; -0.0032; 0.0001; 1.0005; 14.5097; 0.0006; 6.3446; 2.5161; 0.0001; 1.1174
15; 1.0000; 0.0000; 0.0000; 0.0000; 0.5247; 0.3972; 0.0044; 0.4410; 327706.41; 2496.26; 249626.24; 327706.41; 24.96; 249626.24; 0.0000; 0.0000; 0.0000; 1.0000; 0.0000; 0.0000; 0.00; 0.00; 0.00; 0.00; 0.00; 0.00; 0.00; 0.00; 0.00; 0; 0.0004; 0.0001; 1.0075; 14.5623; 0.0006; 6.3355; 2.4944; 0.0001; 1.1160
16; 1.0000; 0.0000; 0.0000; 0.0000; 0.5247; 0.3920; 0.0044; 0.4433; 377975.00; 2513.13; 251312.80; 377975.00; 25.13; 251312.80; 0.0000; 0.0000; 0.0000; 1.0000; 0.0000; 0.0000; 0.00; 0.00; 0.00; 0.00; 0.00; 0.00; 0.00; 0.00; 0.00; 0; 0.0150; 0.0001; 1.0083; 14.5140; 0.0006; 6.3378; 2.4975; 0.0001; 1.1182
17; 1.0000; 0.0000; 0.0000; 0.0000; 0.5247; 0.3995; 0.0045; 0.4467; 422116.02; 2459.03; 245903.22; 422116.02; 24.59; 245903.22; 0.0000; 0.0000; 0.0000; 1.0000; 0.0000; 0.0000; 0.00; 0.00; 0.00; 0.00; 0.00; 0.00; 0.00; 0.00; 0.00; 0; -0.0088; 0.0001; 0.9922; 14.4937; 0.0006; 6.3432; 2.5003; 0.0001; 1.1279
18; 1.0000; 0.0000; 0.0000; 0.0000; 0.5247; 0.3983; 0.0044; 0.4415; 459472.53; 2364.86; 236486.33; 459472.53; 23.65; 236486.33; 0.0000; 0.0000; 0.0000; 1.0000; 0.0000; 0.0000; 0.00; 0.00; 0.00; 0.00; 0.00; 0.00; 0.00; 0.00; 0.00; 0; -0.0017; 0.0001; 1.0071; 14.5593; 0.0006; 6.3326; 2.4910; 0.0001; 1.1170
19; 1.0000; 0.0000; 0.0000; 0.0000; 0.5247; 0.3954; 0.0044; 0.4426; 490308.99; 2253.82; 225382.28; 490308.99; 22.54; 225382.28; 0.0000; 0.0000; 0.0000; 1.0000; 0.0000; 0.0000; 0.00; 0.00; 0.00; 0.00; 0.00; 0.00; 0.00; 0.00; 0.00; 0; 0.0162; 0.0001; 0.9839; 14.6097; 0.0006; 6.3166; 2.4829; 0.0001; 1.1200
20; 1.0000; 0.0000; 0.0000; 0.0000; 0.5247; 0.3858; 0.0045; 0.4464; 513689.09; 2134.65; 213464.74; 513689.09; 21.35; 213464.74; 0.0000; 0.0000; 0.0000; 1.0000; 0.0000; 0.0000; 0.00; 0.00; 0.00; 0.00; 0.00; 0.00; 0.00; 0.00; 0.00; 0; 0.0028; 0.0001; 1.0114; 14.5161; 0.0006; 6.3196; 2.4883; 0.0001; 1.1203
21; 1.0000; 0.0000; 0.0000; 0.0000; 0.5247; 0.3941; 0.0044; 0.4432; 532025.15; 1990.86; 199085.73; 532025.15; 19.91; 199085.73; 0.0000; 0.0000; 0.0000; 1.0000; 0.0000; 0.0000; 0.00; 0.00; 0.00; 0.00; 0.00; 0.00; 0.00; 0.00; 0.00; 0; -0.0128; 0.0001; 1.0033; 14.6366; 0.0006; 6.3711; 2.4966; 0.0001; 1.1154
22; 1.0000; 0.0000; 0.0000; 0.0000; 0.5247; 0.4008; 0.0044; 0.4415; 550237.04; 1866.56; 186656.35; 550237.04; 18.67; 186656.35; 0.0000; 0.0000; 0.0000; 1.0000; 0.0000; 0.0000; 0.00; 0.00; 0.00; 0.00; 0.00; 0.00; 0.00; 0.00; 0.00; 0; -0.0052; 0.0001; 0.9946; 14.5423; 0.0006; 6.3833; 2.4933; 0.0001; 1.1167
23; 1.0000; 0.0000; 0.0000; 0.0000; 0.5247; 0.4055; 0.0043; 0.4311; 565436.68; 1723.14; 172314.46; 565436.68; 17.23; 172314.46; 0.0000; 0.0000; 0.0000; 1.0000; 0.0000; 0.0000; 0.00; 0.00; 0.00; 0.00; 0.00; 0.00; 0.00; 0.00; 0.00; 0; 0.0169; 0.0001; 0.9948; 14.4498; 0.0006; 6.2902; 2.5207; 0.0001; 1.1268
24; 1.0000; 0.0000; 0.0000; 0.0000; 0.5247; 0.3977; 0.0045; 0.4478; 574291.09; 1643.07; 164306.73; 574291.09; 16.43; 164306.73; 0.0000; 0.0000; 0.0000; 1.0000; 0.0000; 0.0000; 0.00; 0.00; 0.00; 0.00; 0.00; 0.00; 0.00; 0.00; 0.00; 0; -0.0111; 0.0001; 0.9871; 14.5236; 0.0006; 6.3343; 2.4941; 0.0001; 1.1205
25; 1.0000; 0.0000; 0.0000; 0.0000; 0.5247; 0.3952; 0.0044; 0.4361; 582345.14; 1561.48; 156148.13; 582345.14; 15.61; 156148.13; 0.0000; 0.0000; 0.0000; 1.0000; 0.0000; 0.0000; 0.00; 0.00; 0.00; 0.00; 0.00; 0.00; 0.00; 0.00; 0.00; 0; -0.0085; 0.0001; 1.0003; 14.4935; 0.0006; 6.3535; 2.4986; 0.0001; 1.1203
26; 1.0000; 0.0000; 0.0000; 0.0000; 0.5247; 0.3936; 0.0044; 0.4430; 586999.66; 1501.84; 150184.02; 586999.66; 15.02; 150184.02; 0.0000; 0.0000; 0.0000; 1.0000; 0.0000; 0.0000; 0.00; 0.00; 0.00; 0.00; 0.00; 0.00; 0.00; 0.00; 0.00; 0; -0.0078; 0.0001; 1.0077; 14.5775; 0.0006; 6.3275; 2.5122; 0.0001; 1.1196
27; 1.0000; 0.0000; 0.0000; 0.0000; 0.5247; 0.3981; 0.0044; 0.4409; 591843.75; 1446.75; 144674.75; 591843.75; 14.47; 144674.75; 0.0000; 0.0000; 0.0000; 1.0000; 0.0000; 0.0000; 0.00; 0.00; 0.00; 0.00; 0.00; 0.00; 0.00; 0.00; 0.00; 0; -0.0077; 0.0001; 1.0002; 14.5402; 0.0006; 6.3109; 2.4997; 0.0001; 1.1167
28; 1.0000; 0.0000; 0.0000; 0.0000; 0.5247; 0.4079; 0.0043; 0.4340; 597187.84; 1383.60; 138359.71; 597187.84; 13.84; 138359.71; 0.0000; 0.0000; 0.0000; 1.0000; 0.0000; 0.0000; 0.00; 0.00; 0.00; 0.00; 0.00; 0.00; 0.00; 0.00; 0.00; 0; 0.0083; 0.0001; 0.9939; 14.6019; 0.0006; 6.3064; 2.4904; 0.0001; 1.1216
29; 1.0000; 0.0000; 0.0000; 0.0000; 0.5247; 0.3995; 0.0044; 0.4442; 598224.84; 1367.00; 136700.50; 598224.84; 13.67; 136700.50; 0.0000; 0.0000; 0.0000; 1.0000; 0.0000; 0.0000; 0.00; 0.00; 0.00; 0.00; 0.00; 0.00; 0.00; 0.00; 0.00; 0; -0.0056; 0.0001; 0.9943; 14.5106; 0.0006; 6.3320; 2.4975; 0.0001; 1.1200
30; 1.0000; 0.0000; 0.0000; 0.0000; 0.5247; 0.4006; 0.0044; 0.4410; 599500.25; 1341.83; 134182.71; 599500.25; 13.42; 134182.71; 0.0000; 0.0000; 0.0000; 1.0000; 0.0000; 0.0000; 0.00; 0.00; 0.00; 0.00; 0.00; 0.00; 0.00; 0.00; 0.00; 0; 0.0243; 0.0001; 0.9951; 14.5564; 0.0006; 6.3382; 2.5095; 0.0001; 1.1146
31; 1.0000; 0.0000; 0.0000; 0.0000; 0.5247; 0.3967; 0.0044; 0.4416; 600729.09; 1338.47; 133847.10; 600729.09; 13.38; 133847.10; 0.0000; 0.0000; 0.0000; 1.0000; 0.0000; 0.0000; 0.00; 0.00; 0.00; 0.00; 0.00; 0.00; 0.00; 0.00; 0.00; 0; -0.0046; 0.0001; 1.0037; 14.5536; 0.0006; 6.3657; 2.5093; 0.0001; 1.1194
32; 1.0000; 0.0000; 0.0000; 0.0000; 0.5247; 0.4012; 0.0043; 0.4347; 601978.71; 1306.37; 130636.83; 601978.71; 13.06; 130636.83; 0.0000; 0.0000; 0.0000; 1.0000; 0.0000; 0.0000; 0.00; 0.00; 0.00; 0.00; 0.00; 0.00; 0.00; 0.00; 0.00; 0; 0.0191; 0.0001; 1.0046; 14.5673; 0.0006; 6.2979; 2.5000; 0.0001; 1.1178
33; 1.0000; 0.0000; 0.0000; 0.0000; 0.5247; 0.3979; 0.0044; 0.4416; 602378.70; 1307.88; 130788.07; 602378.70; 13.08; 130788.07; 0.0000; 0.0000; 0.0000; 1.0000; 0.0000; 0.0000; 0.00; 0.00; 0.00; 0.00; 0.00; 0.00; 0.00; 0.00; 0.00; 0; 0.0075; 0.0001; 1.0100; 14.5340; 0.0006; 6.2946; 2.4951; 0.0001; 1.1228
34; 1.0000; 0.0000; 0.0000; 0.0000; 0.5247; 0.3959; 0.0044; 0.4441; 603135.24; 1296.55; 129655.33; 603135.24; 12.97; 129655.33; 0.0000; 0.0000; 0.0000; 1.0000; 0.0000; 0.0000; 0.00; 0.00; 0.00; 0.00; 0.00; 0.00; 0.00; 0.00; 0.00; 0; 0.0053; 0.0001; 1.0104; 14.4574; 0.0006; 6.2802; 2.5130; 0.0001; 1.1186
35; 1.0000; 0.0000; 0.0000; 0.0000; 0.5247; 0.4022; 0.0044; 0.4415; 603759.64; 1285.63; 128562.81; 603759.64; 12.86; 128562.81; 0.0000; 0.0000; 0.0000; 1.0000; 0.0000; 0.0000; 0.00; 0.00; 0.00; 0.00; 0.00; 0.00; 0.00; 0.00; 0.00; 0; 0.0110; 0.0001; 1.0029; 14.4971; 0.0006; 6.3192; 2.5119; 0.0001; 1.1163
36; 1.0000; 0.0000; 0.0000; 0.0000; 0.5247; 0.3944; 0.0045; 0.4479; 603042.49; 1293.01; 129300.84; 603042.49; 12.93; 129300.84; 0.0000; 0.0000; 0.0000; 1.0000; 0.0000; 0.0000; 0.00; 0.00; 0.00; 0.00; 0.00; 0.00; 0.00; 0.00; 0.00; 0; -0.0150; 0.0001; 1.0068; 14.3825; 0.0006; 6.3354; 2.4891; 0.0001; 1.1268
37; 1.0000; 0.0000; 0.0000; 0.0000; 0.5247; 0.3924; 0.0045; 0.4495; 602684.36; 1302.56; 130256.10; 602684.36; 13.03; 130256.10; 0.0000; 0.0000; 0.0000; 1.0000; 0.0000; 0.0000; 0.00; 0.00; 0.00; 0.00; 0.00; 0.00; 0.00; 0.00; 0.00; 0; 0.0071; 0.0001; 1.0029; 14.5750; 0.0006; 6.3361; 2.5024; 0.0001; 1.1150
38; 1.0000; 0.0000; 0.0000; 0.0000; 0.5247; 0.3898; 0.0045; 0.4529; 601419.30; 1313.54; 131353.98; 601419.30; 13.14; 131353.98; 0.0000; 0.0000; 0.0000; 1.0000; 0.0000; 0.0000; 0.00; 0.00; 0.00; 0.00; 0.00; 0.00; 0.00; 0.00; 0.00; 0; -0.0028; 0.0001; 1.0006; 14.4738; 0.0006; 6.3632; 2.5077; 0.0001; 1.1191
39; 1.0000; 0.0000; 0.0000; 0.0000; 0.5247; 0.3925; 0.0045; 0.4457; 601829.00; 1307.73; 130772.89; 601829.00; 13.08; 130772.89; 0.0000; 0.0000; 0.0000; 1.0000; 0.0000; 0.0000; 0.00; 0.00; 0.00; 0.00; 0.00; 0.00; 0.00; 0.00; 0.00; 0; 0.0144; 0.0001; 0.9975; 14.5357; 0.0006; 6.3574; 2.4906; 0.0001; 1.1139
40; 1.0000; 0.0000; 0.0000; 0.0000; 0.5247; 0.3985; 0.0044; 0.4422; 602259.69; 1287.08; 128708.28; 602259.69; 12.87; 128708.28; 0.0000; 0.0000; 0.0000; 1.0000; 0.0000; 0.0000; 0.00; 0.00; 0.00; 0.00; 0.00; 0.00; 0.00; 0.00; 0.00; 0; 0.0065; 0.0001; 1.0092; 14.4888; 0.0006; 6.2990; 2.5084; 0.0001; 1.1215
41; 1.0000; 0.0000; 0.0000; 0.0000; 0.5247; 0.3880; 0.0045; 0.4529; 600940.18; 1308.38; 130838.35; 600940.18; 13.08; 130838.35; 0.0000; 0.0000; 0.0000; 1.0000; 0.0000; 0.0000; 0.00; 0.00; 0.00; 0.00; 0.00; 0.00; 0.00; 0.00; 0.00; 0; -0.0037; 0.0001; 1.0014; 14.5098; 0.0006; 6.3506; 2.4883; 0.0001; 1.1196
42; 1.0000; 0.0000; 0.0000; 0.0000; 0.5247; 0.4048; 0.0044; 0.4388; 604240.45; 1271.86; 127186.12; 604240.45; 12.72; 127186.12; 0.0000; 0.0000; 0.0000; 1.0000; 0.0000; 0.0000; 0.00; 0.00; 0.00; 0.00; 0.00; 0.00; 0.00; 0.00; 0.00; 0; -0.0019; 0.0001; 1.0047; 14.6005; 0.0006; 6.3127; 2.4806; 0.0001; 1.1206
43; 1.0000; 0.0000; 0.0000; 0.0000; 0.5247; 0.4000; 0.0044; 0.4352; 605082.52; 1278.76; 127875.79; 605082.52; 12.79; 127875.79; 0.0000; 0.0000; 0.0000; 1.0000; 0.0000; 0.0000; 0.00; 0.00; 0.00; 0.00; 0.00; 0.00; 0.00; 0.00; 0.00; 0; -0.0002; 0.0001; 1.0038; 14.5023; 0.0006; 6.3357; 2.4954; 0.0001; 1.1209
44; 1.0000; 0.0000; 0.0000; 0.0000; 0.5247; 0.3912; 0.0045; 0.4487; 601668.78; 1282.83; 128282.75; 601668.78; 12.83; 128282.75; 0.0000; 0.0000; 0.0000; 1.0000; 0.0000; 0.0000; 0.00; 0.00; 0.00; 0.00; 0.00; 0.00; 0.00; 0.00; 0.00; 0; 0.0041; 0.0001; 1.0071; 14.4181; 0.0006; 6.3360; 2.5302; 0.0001; 1.1151
45; 1.0000; 0.0000; 0.0000; 0.0000; 0.5247; 0.3968; 0.0044; 0.4394; 604474.03; 1283.28; 128328.38; 604474.03; 12.83; 128328.38; 0.0000; 0.0000; 0.0000; 1.0000; 0.0000; 0.0000; 0.00; 0.00; 0.00; 0.00; 0.00; 0.00; 0.00; 0.00; 0.00; 0; -0.0078; 0.0001; 0.9988; 14.5236; 0.0006; 6.3105; 2.5030; 0.0001; 1.1180
46; 1.0000; 0.0000; 0.0000; 0.0000; 0.5247; 0.4012; 0.0044; 0.4448; 604364.30; 1283.05; 128305.26; 604364.30; 12.83; 128305.26; 0.0000; 0.0000; 0.0000; 1.0000; 0.0000; 0.0000; 0.00; 0.00; 0.00; 0.00; 0.00; 0.00; 0.00; 0.00; 0.00; 0; -0.0049; 0.0001; 0.9942; 14.3512; 0.0006; 6.3134; 2.4903; 0.0001; 1.1198
47; 1.0000; 0.0000; 0.0000; 0.0000; 0.5247; 0.3938; 0.0045; 0.4476; 603075.65; 1297.57; 129756.70; 603075.65; 12.98; 129756.70; 0.0000; 0.0000; 0.0000; 1.0000; 0.0000; 0.0000; 0.00; 0.00; 0.00; 0.00; 0.00; 0.00; 0.00; 0.00; 0.00; 0; -0.0092; 0.0001; 0.9956; 14.5757; 0.0006; 6.3058; 2.5083; 0.0001; 1.1156
48; 1.0000; 0.0000; 0.0000; 0.0000; 0.5247; 0.4030; 0.0043; 0.4336; 604034.46; 1274.98; 127498.47; 604034.46; 12.75; 127498.47; 0.0000; 0.0000; 0.0000; 1.0000; 0.0000; 0.0000; 0.00; 0.00; 0.00; 0.00; 0.00; 0.00; 0.00; 0.00; 0.00; 0; -0.0100; 0.0001; 1.0046; 14.5655; 0.0006; 6.3834; 2.4847; 0.0001; 1.1188
49; 1.0000; 0.0000; 0.0000; 0.0000; 0.5247; 0.4042; 0.0044; 0.4419; 604422.86; 1271.07; 127107.35; 604422.86; 12.71; 127107.35; 0.0000; 0.0000; 0.0000; 1.0000; 0.0000; 0.0000; 0.00; 0.00; 0.00; 0.00; 0.00; 0.00; 0.00; 0.00; 0.00; 0; -0.0184; 0.0001; 1.0033; 14.4407; 0.0006; 6.3332; 2.5080; 0.0001; 1.1179
50; 1.0000; 0.0000; 0.0000; 0.0000; 0.5247; 0.3929; 0.0044; 0.4363; 605147.32; 1278.44; 127843.92; 605147.32; 12.78; 127843.92; 0.0000; 0.0000; 0.0000; 1.0000; 0.0000; 0.0000; 0.00; 0.00; 0.00; 0.00; 0.00; 0.00; 0.00; 0.00; 0.00; 0; 0.0061; 0.0001; 1.0027; 14.5532; 0.0006; 6.3857; 2.5119; 0.0001; 1.1134
Population 2: South Coast
0; 1.0000; 0.0000; 0.0000; 0.0000; 0.4196;      0;      0;      0; 110.00; 0.00; 0.00; 110.00; 0.00; 0.00; 0.0000; 0.0000; 0.0000; 1.0000; 0.0000; 0.0000; 0.00; 0.00; 0.00; 0.00; 0.00; 0.00; 0.00; 0.00; 0.00; 0; 0.0103; 0.0001; 1.0030; 14.4577; 0.0006; 6.3924; 2.5259; 0.0001; 1.1131
1; 1.0000; 0.0000; 0.0000; 0.0000; 0.4196; 0.6026; 0.0043; 0.4258; 217.65; 0.80; 80.07; 217.65; 0.01; 80.07; 0.0000; 0.0000; 0.0000; 1.0000; 0.0000; 0.0000; 0.00; 0.00; 0.00; 0.00; 0.00; 0.00; 0.00; 0.00; 0.00; 0; 0.0069; 0.0001; 1.0059; 14.4733; 0.0006; 6.3582; 2.4953; 0.0001; 1.1241
2; 1.0000; 0.0000; 0.0000; 0.0000; 0.4196; 0.5578; 0.0045; 0.4463; 408.78; 2.16; 215.64; 408.78; 0.02; 215.64; 0.0000; 0.0000; 0.0000; 1.0000; 0.0000; 0.0000; 0.00; 0.00; 0.00; 0.00; 0.00; 0.00; 0.00; 0.00; 0.00; 0; -0.0087; 0.0001; 1.0029; 14.5261; 0.0006; 6.3573; 2.5005; 0.0001; 1.1151
3; 1.0000; 0.0000; 0.0000; 0.0000; 0.4196; 0.5305; 0.0045; 0.4526; 742.58; 4.84; 483.90; 742.58; 0.05; 483.90; 0.0000; 0.0000; 0.0000; 1.0000; 0.0000; 0.0000; 0.00; 0.00; 0.00; 0.00; 0.00; 0.00; 0.00; 0.00; 0.00; 0; -0.0040; 0.0001; 0.9979; 14.4240; 0.0006; 6.3772; 2.5000; 0.0001; 1.1203
4; 1.0000; 0.0000; 0.0000; 0.0000; 0.4196; 0.5115; 0.0045; 0.4466; 1315.49; 9.88; 988.23; 1315.49; 0.10; 988.23; 0.0000; 0.0000; 0.0000; 1.0000; 0.0000; 0.0000; 0.00; 0.00; 0.00; 0.00; 0.00; 0.00; 0.00; 0.00; 0.00; 0; 0.0033; 0.0001; 1.0035; 14.6513; 0.0006; 6.3509; 2.4958; 0.0001; 1.1264
5; 1.0000; 0.0000; 0.0000; 0.0000; 0.4196; 0.4821; 0.0045; 0.4536; 2266.16; 19.50; 1949.69; 2266.16; 0.19; 1949.69; 0.0000; 0.0000; 0.0000; 1.0000; 0.0000; 0.0000; 0.00; 0.00; 0.00; 0.00; 0.00; 0.00; 0.00; 0.00; 0.00; 0; 0.0001; 0.0001; 0.9977; 14.4779; 0.0006; 6.3415; 2.4956; 0.0001; 1.1226
6; 1.0000; 0.0000; 0.0000; 0.0000; 0.4196; 0.4632; 0.0045; 0.4502; 3829.42; 37.26; 3725.94; 3829.42; 0.37; 3725.94; 0.0000; 0.0000; 0.0000; 1.0000; 0.0000; 0.0000; 0.00; 0.00; 0.00; 0.00; 0.00; 0.00; 0.00; 0.00; 0.00; 0; -0.0116; 0.0001; 1.0021; 14.5603; 0.0006; 6.3318; 2.5027; 0.0001; 1.1203
7; 1.0000; 0.0000; 0.0000; 0.0000; 0.4196; 0.4386; 0.0047; 0.4670; 6345.00; 68.69; 6869.22; 6345.00; 0.69; 6869.22; 0.0000; 0.0000; 0.0000; 1.0000; 0.0000; 0.0000; 0.00; 0.00; 0.00; 0.00; 0.00; 0.00; 0.00; 0.00; 0.00; 0; 0.0055; 0.0001; 1.0127; 14.6346; 0.0006; 6.2960; 2.5097; 0.0001; 1.1157
8; 1.0000; 0.0000; 0.0000; 0.0000; 0.4196; 0.4438; 0.0045; 0.4543; 10540.74; 126.89; 12689.28; 10540.74; 1.27; 12689.28; 0.0000; 0.0000; 0.0000; 1.0000; 0.0000; 0.0000; 0.00; 0.00; 0.00; 0.00; 0.00; 0.00; 0.00; 0.00; 0.00; 0; -0.0038; 0.0001; 1.0027; 14.5812; 0.0006; 6.3030; 2.5018; 0.0001; 1.1176
9; 1.0000; 0.0000; 0.0000; 0.0000; 0.4196; 0.4274; 0.0047; 0.4695; 17305.89; 226.38; 22637.95; 17305.89; 2.26; 22637.95; 0.0000; 0.0000; 0.0000; 1.0000; 0.0000; 0.0000; 0.00; 0.00; 0.00; 0.00; 0.00; 0.00; 0.00; 0.00; 0.00; 0; 0.0067; 0.0001; 0.9999; 14.4863; 0.0006; 6.3343; 2.5169; 0.0001; 1.1147
10; 1.0000; 0.0000; 0.0000; 0.0000; 0.4196; 0.4290; 0.0047; 0.4706; 28464.60; 402.48; 40247.88; 28464.60; 4.02; 40247.88; 0.0000; 0.0000; 0.0000; 1.0000; 0.0000; 0.0000; 0.00; 0.00; 0.00; 0.00; 0.00; 0.00; 0.00; 0.00; 0.00; 0; -0.0078; 0.0001; 0.9922; 14.5277; 0.0006; 6.3722; 2.5024; 0.0001; 1.1151
11; 1.0000; 0.0000; 0.0000; 0.0000; 0.4196; 0.4236; 0.0047; 0.4723; 46665.95; 677.98; 67798.05; 46665.95; 6.78; 67798.05; 0.0000; 0.0000; 0.0000; 1.0000; 0.0000; 0.0000; 0.00; 0.00; 0.00; 0.00; 0.00; 0.00; 0.00; 0.00; 0.00; 0; -0.0065; 0.0001; 1.0047; 14.5485; 0.0006; 6.3185; 2.4954; 0.0001; 1.1199
12; 1.0000; 0.0000; 0.0000; 0.0000; 0.4196; 0.4274; 0.0047; 0.4740; 73535.33; 1011.27; 101126.96; 73535.33; 10.11; 101126.96; 0.0000; 0.0000; 0.0000; 1.0000; 0.0000; 0.0000; 0.00; 0.00; 0.00; 0.00; 0.00; 0.00; 0.00; 0.00; 0.00; 0; -0.0034; 0.0001; 0.9961; 14.5139; 0.0006; 6.3473; 2.5014; 0.0001; 1.1104
13; 1.0000; 0.0000; 0.0000; 0.0000; 0.4196; 0.4132; 0.0047; 0.4707; 110445.72; 1387.73; 138772.84; 110445.72; 13.88; 138772.84; 0.0000; 0.0000; 0.0000; 1.0000; 0.0000; 0.0000; 0.00; 0.00; 0.00; 0.00; 0.00; 0.00; 0.00; 0.00; 0.00; 0; -0.0032; 0.0001; 0.9930; 14.4552; 0.0006; 6.3092; 2.4829; 0.0001; 1.1140
14; 1.0000; 0.0000; 0.0000; 0.0000; 0.4196; 0.4142; 0.0047; 0.4692; 156038.72; 1726.14; 172613.66; 156038.72; 17.26; 172613.66; 0.0000; 0.0000; 0.0000; 1.0000; 0.0000; 0.0000; 0.00; 0.00; 0.00; 0.00; 0.00; 0.00; 0.00; 0.00; 0.00; 0; -0.0032; 0.0001; 1.0005; 14.5097; 0.0006; 6.3446; 2.5161; 0.0001; 1.1174
15; 1.0000; 0.0000; 0.0000; 0.0000; 0.4196; 0.3969; 0.0048; 0.4828; 205883.58; 1985.46; 198545.84; 205883.58; 19.85; 198545.84; 0.0000; 0.0000; 0.0000; 1.0000; 0.0000; 0.0000; 0.00; 0.00; 0.00; 0.00; 0.00; 0.00; 0.00; 0.00; 0.00; 0; 0.0004; 0.0001; 1.0075; 14.5623; 0.0006; 6.3355; 2.4944; 0.0001; 1.1160
16; 1.0000; 0.0000; 0.0000; 0.0000; 0.4196; 0.3843; 0.0048; 0.4751; 256254.71; 2147.94; 214793.57; 256254.71; 21.48; 214793.57; 0.0000; 0.0000; 0.0000; 1.0000; 0.0000; 0.0000; 0.00; 0.00; 0.00; 0.00; 0.00; 0.00; 0.00; 0.00; 0.00; 0; 0.0150; 0.0001; 1.0083; 14.5140; 0.0006; 6.3378; 2.4975; 0.0001; 1.1182
17; 1.0000; 0.0000; 0.0000; 0.0000; 0.4196; 0.3913; 0.0048; 0.4759; 306526.90; 2215.40; 221540.25; 306526.90; 22.15; 221540.25; 0.0000; 0.0000; 0.0000; 1.0000; 0.0000; 0.0000; 0.00; 0.00; 0.00; 0.00; 0.00; 0.00; 0.00; 0.00; 0.00; 0; -0.0088; 0.0001; 0.9922; 14.4937; 0.0006; 6.3432; 2.5003; 0.0001; 1.1279
18; 1.0000; 0.0000; 0.0000; 0.0000; 0.4196; 0.3782; 0.0048; 0.4768; 353634.46; 2223.29; 222328.95; 353634.46; 22.23; 222328.95; 0.0000; 0.0000; 0.0000; 1.0000; 0.0000; 0.0000; 0.00; 0.00; 0.00; 0.00; 0.00; 0.00; 0.00; 0.00; 0.00; 0; -0.0017; 0.0001; 1.0071; 14.5593; 0.0006; 6.3326; 2.4910; 0.0001; 1.1170
19; 1.0000; 0.0000; 0.0000; 0.0000; 0.4196; 0.3626; 0.0048; 0.4840; 391290.89; 2164.49; 216449.01; 391290.89; 21.64; 216449.01; 0.0000; 0.0000; 0.0000; 1.0000; 0.0000; 0.0000; 0.00; 0.00; 0.00; 0.00; 0.00; 0.00; 0.00; 0.00; 0.00; 0; 0.0162; 0.0001; 0.9839; 14.6097; 0.0006; 6.3166; 2.4829; 0.0001; 1.1200
20; 1.0000; 0.0000; 0.0000; 0.0000; 0.4196; 0.3593; 0.0047; 0.4729; 423149.65; 2076.44; 207643.59; 423149.65; 20.76; 207643.59; 0.0000; 0.0000; 0.0000; 1.0000; 0.0000; 0.0000; 0.00; 0.00; 0.00; 0.00; 0.00; 0.00; 0.00; 0.00; 0.00; 0; 0.0028; 0.0001; 1.0114; 14.5161; 0.0006; 6.3196; 2.4883; 0.0001; 1.1203
21; 1.0000; 0.0000; 0.0000; 0.0000; 0.4196; 0.3479; 0.0049; 0.4861; 448896.75; 1981.46; 198146.48; 448896.75; 19.81; 198146.48; 0.0000; 0.0000; 0.0000; 1.0000; 0.0000; 0.0000; 0.00; 0.00; 0.00; 0.00; 0.00; 0.00; 0.00; 0.00; 0.00; 0; -0.0128; 0.0001; 1.0033; 14.6366; 0.0006; 6.3711; 2.4966; 0.0001; 1.1154
22; 1.0000; 0.0000; 0.0000; 0.0000; 0.4196; 0.3471; 0.0048; 0.4831; 468319.19; 1873.13; 187312.60; 468319.19; 18.73; 187312.60; 0.0000; 0.0000; 0.0000; 1.0000; 0.0000; 0.0000; 0.00; 0.00; 0.00; 0.00; 0.00; 0.00; 0.00; 0.00; 0.00; 0; -0.0052; 0.0001; 0.9946; 14.5423; 0.0006; 6.3833; 2.4933; 0.0001; 1.1167
23; 1.0000; 0.0000; 0.0000; 0.0000; 0.4196; 0.3435; 0.0049; 0.4898; 484625.47; 1772.73; 177272.96; 484625.47; 17.73; 177272.96; 0.0000; 0.0000; 0.0000; 1.0000; 0.0000; 0.0000; 0.00; 0.00; 0.00; 0.00; 0.00; 0.00; 0.00; 0.00; 0.00; 0; 0.0169; 0.0001; 0.9948; 14.4498; 0.0006; 6.2902; 2.5207; 0.0001; 1.1268
24; 1.0000; 0.0000; 0.0000; 0.0000; 0.4196; 0.3528; 0.0049; 0.4858; 497015.35; 1662.25; 166225.03; 497015.35; 16.62; 166225.03; 0.0000; 0.0000; 0.0000; 1.0000; 0.0000; 0.0000; 0.00; 0.00; 0.00; 0.00; 0.00; 0.00; 0.00; 0.00; 0.00; 0; -0.0111; 0.0001; 0.9871; 14.5236; 0.0006; 6.3343; 2.4941; 0.0001; 1.1205
25; 1.0000; 0.0000; 0.0000; 0.0000; 0.4196; 0.3351; 0.0048; 0.4842; 507253.43; 1607.29; 160728.52; 507253.43; 16.07; 160728.52; 0.0000; 0.0000; 0.0000; 1.0000; 0.0000; 0.0000; 0.00; 0.00; 0.00; 0.00; 0.00; 0.00; 0.00; 0.00; 0.00; 0; -0.0085; 0.0001; 1.0003; 14.4935; 0.0006; 6.3535; 2.4986; 0.0001; 1.1203
26; 1.0000; 0.0000; 0.0000; 0.0000; 0.4196; 0.3343; 0.0049; 0.4909; 511968.71; 1555.33; 155533.14; 511968.71; 15.55; 155533.14; 0.0000; 0.0000; 0.0000; 1.0000; 0.0000; 0.0000; 0.00; 0.00; 0.00; 0.00; 0.00; 0.00; 0.00; 0.00; 0.00; 0; -0.0078; 0.0001; 1.0077; 14.5775; 0.0006; 6.3275; 2.5122; 0.0001; 1.1196
27; 1.0000; 0.0000; 0.0000; 0.0000; 0.4196; 0.3399; 0.0048; 0.4824; 518280.28; 1502.09; 150209.14; 518280.28; 15.02; 150209.14; 0.0000; 0.0000; 0.0000; 1.0000; 0.0000; 0.0000; 0.00; 0.00; 0.00; 0.00; 0.00; 0.00; 0.00; 0.00; 0.00; 0; -0.0077; 0.0001; 1.0002; 14.5402; 0.0006; 6.3109; 2.4997; 0.0001; 1.1167
28; 1.0000; 0.0000; 0.0000; 0.0000; 0.4196; 0.3449; 0.0048; 0.4780; 522558.61; 1455.72; 145572.33; 522558.61; 14.56; 145572.33; 0.0000; 0.0000; 0.0000; 1.0000; 0.0000; 0.0000; 0.00; 0.00; 0.00; 0.00; 0.00; 0.00; 0.00; 0.00; 0.00; 0; 0.0083; 0.0001; 0.9939; 14.6019; 0.0006; 6.3064; 2.4904; 0.0001; 1.1216
29; 1.0000; 0.0000; 0.0000; 0.0000; 0.4196; 0.3378; 0.0049; 0.4889; 523032.59; 1419.76; 141975.89; 523032.59; 14.20; 141975.89; 0.0000; 0.0000; 0.0000; 1.0000; 0.0000; 0.0000; 0.00; 0.00; 0.00; 0.00; 0.00; 0.00; 0.00; 0.00; 0.00; 0; -0.0056; 0.0001; 0.9943; 14.5106; 0.0006; 6.3320; 2.4975; 0.0001; 1.1200
30; 1.0000; 0.0000; 0.0000; 0.0000; 0.4196; 0.3345; 0.0049; 0.4867; 525805.60; 1392.26; 139225.55; 525805.60; 13.92; 139225.55; 0.0000; 0.0000; 0.0000; 1.0000; 0.0000; 0.0000; 0.00; 0.00; 0.00; 0.00; 0.00; 0.00; 0.00; 0.00; 0.00; 0; 0.0243; 0.0001; 0.9951; 14.5564; 0.0006; 6.3382; 2.5095; 0.0001; 1.1146
31; 1.0000; 0.0000; 0.0000; 0.0000; 0.4196; 0.3408; 0.0048; 0.4825; 528584.35; 1368.36; 136836.03; 528584.35; 13.68; 136836.03; 0.0000; 0.0000; 0.0000; 1.0000; 0.0000; 0.0000; 0.00; 0.00; 0.00; 0.00; 0.00; 0.00; 0.00; 0.00; 0.00; 0; -0.0046; 0.0001; 1.0037; 14.5536; 0.0006; 6.3657; 2.5093; 0.0001; 1.1194
32; 1.0000; 0.0000; 0.0000; 0.0000; 0.4196; 0.3394; 0.0049; 0.4882; 529599.55; 1367.73; 136772.52; 529599.55; 13.68; 136772.52; 0.0000; 0.0000; 0.0000; 1.0000; 0.0000; 0.0000; 0.00; 0.00; 0.00; 0.00; 0.00; 0.00; 0.00; 0.00; 0.00; 0; 0.0191; 0.0001; 1.0046; 14.5673; 0.0006; 6.2979; 2.5000; 0.0001; 1.1178
33; 1.0000; 0.0000; 0.0000; 0.0000; 0.4196; 0.3358; 0.0049; 0.4888; 529028.78; 1359.79; 135979.23; 529028.78; 13.60; 135979.23; 0.0000; 0.0000; 0.0000; 1.0000; 0.0000; 0.0000; 0.00; 0.00; 0.00; 0.00; 0.00; 0.00; 0.00; 0.00; 0.00; 0; 0.0075; 0.0001; 1.0100; 14.5340; 0.0006; 6.2946; 2.4951; 0.0001; 1.1228
34; 1.0000; 0.0000; 0.0000; 0.0000; 0.4196; 0.3315; 0.0048; 0.4828; 530541.74; 1362.32; 136231.80; 530541.74; 13.62; 136231.80; 0.0000; 0.0000; 0.0000; 1.0000; 0.0000; 0.0000; 0.00; 0.00; 0.00; 0.00; 0.00; 0.00; 0.00; 0.00; 0.00; 0; 0.0053; 0.0001; 1.0104; 14.4574; 0.0006; 6.2802; 2.5130; 0.0001; 1.1186
35; 1.0000; 0.0000; 0.0000; 0.0000; 0.4196; 0.3325; 0.0049; 0.4859; 530475.47; 1351.63; 135162.69; 530475.47; 13.52; 135162.69; 0.0000; 0.0000; 0.0000; 1.0000; 0.0000; 0.0000; 0.00; 0.00; 0.00; 0.00; 0.00; 0.00; 0.00; 0.00; 0.00; 0; 0.0110; 0.0001; 1.0029; 14.4971; 0.0006; 6.3192; 2.5119; 0.0001; 1.1163
36; 1.0000; 0.0000; 0.0000; 0.0000; 0.4196; 0.3362; 0.0049; 0.4891; 530045.62; 1356.64; 135664.14; 530045.62; 13.57; 135664.14; 0.0000; 0.0000; 0.0000; 1.0000; 0.0000; 0.0000; 0.00; 0.00; 0.00; 0.00; 0.00; 0.00; 0.00; 0.00; 0.00; 0; -0.0150; 0.0001; 1.0068; 14.3825; 0.0006; 6.3354; 2.4891; 0.0001; 1.1268
37; 1.0000; 0.0000; 0.0000; 0.0000; 0.4196; 0.3338; 0.0049; 0.4887; 531478.84; 1359.57; 135957.46; 531478.84; 13.60; 135957.46; 0.0000; 0.0000; 0.0000; 1.0000; 0.0000; 0.0000; 0.00; 0.00; 0.00; 0.00; 0.00; 0.00; 0.00; 0.00; 0.00; 0; 0.0071; 0.0001; 1.0029; 14.5750; 0.0006; 6.3361; 2.5024; 0.0001; 1.1150
38; 1.0000; 0.0000; 0.0000; 0.0000; 0.4196; 0.3369; 0.0048; 0.4790; 531496.23; 1337.30; 133730.48; 531496.23; 13.37; 133730.48; 0.0000; 0.0000; 0.0000; 1.0000; 0.0000; 0.0000; 0.00; 0.00; 0.00; 0.00; 0.00; 0.00; 0.00; 0.00; 0.00; 0; -0.0028; 0.0001; 1.0006; 14.4738; 0.0006; 6.3632; 2.5077; 0.0001; 1.1191
39; 1.0000; 0.0000; 0.0000; 0.0000; 0.4196; 0.3343; 0.0049; 0.4870; 532474.96; 1347.20; 134719.90; 532474.96; 13.47; 134719.90; 0.0000; 0.0000; 0.0000; 1.0000; 0.0000; 0.0000; 0.00; 0.00; 0.00; 0.00; 0.00; 0.00; 0.00; 0.00; 0.00; 0; 0.0144; 0.0001; 0.9975; 14.5357; 0.0006; 6.3574; 2.4906; 0.0001; 1.1139
40; 1.0000; 0.0000; 0.0000; 0.0000; 0.4196; 0.3411; 0.0047; 0.4744; 533193.53; 1323.72; 132372.42; 533193.53; 13.24; 132372.42; 0.0000; 0.0000; 0.0000; 1.0000; 0.0000; 0.0000; 0.00; 0.00; 0.00; 0.00; 0.00; 0.00; 0.00; 0.00; 0.00; 0; 0.0065; 0.0001; 1.0092; 14.4888; 0.0006; 6.2990; 2.5084; 0.0001; 1.1215
41; 1.0000; 0.0000; 0.0000; 0.0000; 0.4196; 0.3314; 0.0049; 0.4915; 531672.01; 1343.75; 134375.46; 531672.01; 13.44; 134375.46; 0.0000; 0.0000; 0.0000; 1.0000; 0.0000; 0.0000; 0.00; 0.00; 0.00; 0.00; 0.00; 0.00; 0.00; 0.00; 0.00; 0; -0.0037; 0.0001; 1.0014; 14.5098; 0.0006; 6.3506; 2.4883; 0.0001; 1.1196
42; 1.0000; 0.0000; 0.0000; 0.0000; 0.4196; 0.3411; 0.0049; 0.4880; 530654.29; 1345.20; 134520.25; 530654.29; 13.45; 134520.25; 0.0000; 0.0000; 0.0000; 1.0000; 0.0000; 0.0000; 0.00; 0.00; 0.00; 0.00; 0.00; 0.00; 0.00; 0.00; 0.00; 0; -0.0019; 0.0001; 1.0047; 14.6005; 0.0006; 6.3127; 2.4806; 0.0001; 1.1206
43; 1.0000; 0.0000; 0.0000; 0.0000; 0.4196; 0.3439; 0.0048; 0.4815; 531661.72; 1344.96; 134495.73; 531661.72; 13.45; 134495.73; 0.0000; 0.0000; 0.0000; 1.0000; 0.0000; 0.0000; 0.00; 0.00; 0.00; 0.00; 0.00; 0.00; 0.00; 0.00; 0.00; 0; -0.0002; 0.0001; 1.0038; 14.5023; 0.0006; 6.3357; 2.4954; 0.0001; 1.1209
44; 1.0000; 0.0000; 0.0000; 0.0000; 0.4196; 0.3329; 0.0049; 0.4888; 530470.06; 1357.39; 135738.94; 530470.06; 13.57; 135738.94; 0.0000; 0.0000; 0.0000; 1.0000; 0.0000; 0.0000; 0.00; 0.00; 0.00; 0.00; 0.00; 0.00; 0.00; 0.00; 0.00; 0; 0.0041; 0.0001; 1.0071; 14.4181; 0.0006; 6.3360; 2.5302; 0.0001; 1.1151
45; 1.0000; 0.0000; 0.0000; 0.0000; 0.4196; 0.3303; 0.0048; 0.4841; 531283.51; 1352.42; 135242.44; 531283.51; 13.52; 135242.44; 0.0000; 0.0000; 0.0000; 1.0000; 0.0000; 0.0000; 0.00; 0.00; 0.00; 0.00; 0.00; 0.00; 0.00; 0.00; 0.00; 0; -0.0078; 0.0001; 0.9988; 14.5236; 0.0006; 6.3105; 2.5030; 0.0001; 1.1180
46; 1.0000; 0.0000; 0.0000; 0.0000; 0.4196; 0.3377; 0.0049; 0.4855; 531879.89; 1349.32; 134931.91; 531879.89; 13.49; 134931.91; 0.0000; 0.0000; 0.0000; 1.0000; 0.0000; 0.0000; 0.00; 0.00; 0.00; 0.00; 0.00; 0.00; 0.00; 0.00; 0.00; 0; -0.0049; 0.0001; 0.9942; 14.3512; 0.0006; 6.3134; 2.4903; 0.0001; 1.1198
47; 1.0000; 0.0000; 0.0000; 0.0000; 0.4196; 0.3413; 0.0048; 0.4795; 532078.07; 1335.45; 133545.43; 532078.07; 13.35; 133545.43; 0.0000; 0.0000; 0.0000; 1.0000; 0.0000; 0.0000; 0.00; 0.00; 0.00; 0.00; 0.00; 0.00; 0.00; 0.00; 0.00; 0; -0.0092; 0.0001; 0.9956; 14.5757; 0.0006; 6.3058; 2.5083; 0.0001; 1.1156
48; 1.0000; 0.0000; 0.0000; 0.0000; 0.4196; 0.3410; 0.0048; 0.4804; 532104.28; 1328.29; 132828.54; 532104.28; 13.28; 132828.54; 0.0000; 0.0000; 0.0000; 1.0000; 0.0000; 0.0000; 0.00; 0.00; 0.00; 0.00; 0.00; 0.00; 0.00; 0.00; 0.00; 0; -0.0100; 0.0001; 1.0046; 14.5655; 0.0006; 6.3834; 2.4847; 0.0001; 1.1188
49; 1.0000; 0.0000; 0.0000; 0.0000; 0.4196; 0.3328; 0.0049; 0.4889; 531889.34; 1331.80; 133179.75; 531889.34; 13.32; 133179.75; 0.0000; 0.0000; 0.0000; 1.0000; 0.0000; 0.0000; 0.00; 0.00; 0.00; 0.00; 0.00; 0.00; 0.00; 0.00; 0.00; 0; -0.0184; 0.0001; 1.0033; 14.4407; 0.0006; 6.3332; 2.5080; 0.0001; 1.1179
50; 1.0000; 0.0000; 0.0000; 0.0000; 0.4196; 0.3295; 0.0049; 0.4873; 531218.56; 1338.32; 133831.77; 531218.56; 13.38; 133831.77; 0.0000; 0.0000; 0.0000; 1.0000; 0.0000; 0.0000; 0.00; 0.00; 0.00; 0.00; 0.00; 0.00; 0.00; 0.00; 0.00; 0; 0.0061; 0.0001; 1.0027; 14.5532; 0.0006; 6.3857; 2.5119; 0.0001; 1.1134
Population 3: RWA
0; 1.0000; 0.0000; 0.0000; 0.0000; 0.5247;      0;      0;      0; 0.00; 0.00; 0.00; 0.00; 0.00; 0.00; 0.0000; 0.0000; 0.0000; 1.0000; 0.0000; 0.0000; 0.00; 0.00; 0.00; 0.00; 0.00; 0.00; 0.00; 0.00; 0.00; 0; 0.0103; 0.0001; 1.0030; 14.4577; 0.0006; 6.3924; 2.5259; 0.0001; 1.1131
1; 0.0000; 0.0000; 1.0000; 0.0000; 0.5247;      0;      0;      0; 0.00; 0.00; 0.00; 0.00; 0.00; 0.00; 0.0000; 0.0000; 0.0000; 1.0000; 0.0000; 0.0000; 0.00; 0.00; 0.00; 0.00; 0.00; 0.00; 1.00; 0.00; 0.00; 1; 0.0069; 0.0001; 1.0059; 14.4733; 0.0006; 6.3582; 2.4953; 0.0001; 1.1241
2; 0.0000; 0.0000; 0.0000; 0.0000; 0.5247;      0;      0;      0; 0.00; 0.00; 0.00; 0.00; 0.00; 0.00; 0.0000; 0.0000; 0.0000; 1.0000; 0.0000; 0.0000; 0.00; 0.00; 0.00; 0.00; 0.00; 0.00; 1.00; 0.00; 0.00; 1; -0.0087; 0.0001; 1.0029; 14.5261; 0.0006; 6.3573; 2.5005; 0.0001; 1.1151
3; 0.0256; 0.0016; 0.0000; 0.0000; 0.5247;      0;      0;      0; 114.11; 2.25; 36.04; 2.92; 0.00; 18.92; 0.0000; 0.0000; 0.0000; 1.0000; 0.0000; 0.0000; 0.00; 0.00; 0.00; 0.00; 0.00; 0.00; 1.00; 0.00; 0.00; 1; -0.0040; 0.0001; 0.9979; 14.4240; 0.0006; 6.3772; 2.5000; 0.0001; 1.1203
4; 0.2044; 0.0040; 0.0000; 0.0000; 0.5247; 1.0522; 0.0366; 0.5850; 156.69; 2.37; 107.29; 32.03; 0.01; 79.65; 0.0000; 0.0000; 0.0000; 1.0000; 0.0000; 0.0000; 0.00; 0.00; 0.00; 0.00; 0.00; 0.00; 1.00; 0.00; 0.00; 1; 0.0033; 0.0001; 1.0035; 14.6513; 0.0006; 6.3509; 2.4958; 0.0001; 1.1264
5; 0.4578; 0.0050; 0.0000; 0.0000; 0.5247; 1.0849; 0.0117; 0.5280; 289.41; 4.04; 273.41; 132.49; 0.02; 234.54; 0.0000; 0.0000; 0.0000; 1.0000; 0.0000; 0.0000; 0.00; 0.00; 0.00; 0.00; 0.00; 0.00; 1.00; 0.00; 0.00; 1; 0.0001; 0.0001; 0.9977; 14.4779; 0.0006; 6.3415; 2.4956; 0.0001; 1.1226
6; 0.6654; 0.0047; 0.0000; 0.0000; 0.5247; 1.0076; 0.0074; 0.5040; 577.40; 8.01; 653.72; 384.20; 0.06; 598.81; 0.0000; 0.0000; 0.0000; 1.0000; 0.0000; 0.0000; 0.00; 0.00; 0.00; 0.00; 0.00; 0.00; 1.00; 0.00; 0.00; 1; -0.0116; 0.0001; 1.0021; 14.5603; 0.0006; 6.3318; 2.5027; 0.0001; 1.1203
7; 0.8048; 0.0040; 0.0000; 0.0000; 0.5247; 0.9002; 0.0059; 0.4847; 1145.42; 15.72; 1409.81; 921.83; 0.13; 1343.76; 0.0000; 0.0000; 0.0000; 1.0000; 0.0000; 0.0000; 0.00; 0.00; 0.00; 0.00; 0.00; 0.00; 1.00; 0.00; 0.00; 1; 0.0055; 0.0001; 1.0127; 14.6346; 0.0006; 6.2960; 2.5097; 0.0001; 1.1157
8; 0.8886; 0.0031; 0.0000; 0.0000; 0.5247; 0.8296; 0.0054; 0.4810; 2286.99; 32.67; 3080.03; 2032.22; 0.30; 2991.23; 0.0000; 0.0000; 0.0000; 1.0000; 0.0000; 0.0000; 0.00; 0.00; 0.00; 0.00; 0.00; 0.00; 1.00; 0.00; 0.00; 1; -0.0038; 0.0001; 1.0027; 14.5812; 0.0006; 6.3030; 2.5018; 0.0001; 1.1176
9; 0.9376; 0.0024; 0.0000; 0.0000; 0.5247; 0.7568; 0.0049; 0.4607; 4466.12; 65.69; 6360.34; 4187.43; 0.63; 6252.71; 0.0000; 0.0000; 0.0000; 1.0000; 0.0000; 0.0000; 0.00; 0.00; 0.00; 0.00; 0.00; 0.00; 1.00; 0.00; 0.00; 1; 0.0067; 0.0001; 0.9999; 14.4863; 0.0006; 6.3343; 2.5169; 0.0001; 1.1147
10; 0.9622; 0.0019; 0.0000; 0.0000; 0.5247; 0.7081; 0.0046; 0.4448; 8718.41; 135.20; 13261.78; 8388.85; 1.31; 13114.53; 0.0000; 0.0000; 0.0000; 1.0000; 0.0000; 0.0000; 0.00; 0.00; 0.00; 0.00; 0.00; 0.00; 1.00; 0.00; 0.00; 1; -0.0078; 0.0001; 0.9922; 14.5277; 0.0006; 6.3722; 2.5024; 0.0001; 1.1151
11; 0.9806; 0.0014; 0.0000; 0.0000; 0.5247; 0.6554; 0.0045; 0.4421; 16623.72; 269.49; 26686.65; 16301.22; 2.65; 26525.79; 0.0000; 0.0000; 0.0000; 1.0000; 0.0000; 0.0000; 0.00; 0.00; 0.00; 0.00; 0.00; 0.00; 1.00; 0.00; 0.00; 1; -0.0065; 0.0001; 1.0047; 14.5485; 0.0006; 6.3185; 2.4954; 0.0001; 1.1199
12; 0.9893; 0.0010; 0.0000; 0.0000; 0.5247; 0.6279; 0.0044; 0.4349; 31470.87; 560.49; 55748.13; 31134.13; 5.55; 55543.51; 0.0000; 0.0000; 0.0000; 1.0000; 0.0000; 0.0000; 0.00; 0.00; 0.00; 0.00; 0.00; 0.00; 1.00; 0.00; 0.00; 1; -0.0034; 0.0001; 0.9961; 14.5139; 0.0006; 6.3473; 2.5014; 0.0001; 1.1104
13; 0.9937; 0.0008; 0.0000; 0.0000; 0.5247; 0.5950; 0.0043; 0.4314; 58445.32; 1040.31; 103703.13; 58077.12; 10.35; 103479.30; 0.0000; 0.0000; 0.0000; 1.0000; 0.0000; 0.0000; 0.00; 0.00; 0.00; 0.00; 0.00; 0.00; 1.00; 0.00; 0.00; 1; -0.0032; 0.0001; 0.9930; 14.4552; 0.0006; 6.3092; 2.4829; 0.0001; 1.1140
14; 0.9960; 0.0006; 0.0000; 0.0000; 0.5247; 0.5818; 0.0043; 0.4241; 106215.00; 1949.94; 194603.32; 105790.14; 19.43; 194329.37; 0.0000; 0.0000; 0.0000; 1.0000; 0.0000; 0.0000; 0.00; 0.00; 0.00; 0.00; 0.00; 0.00; 1.00; 0.00; 0.00; 1; -0.0032; 0.0001; 1.0005; 14.5097; 0.0006; 6.3446; 2.5161; 0.0001; 1.1174
15; 0.9982; 0.0004; 0.0000; 0.0000; 0.5247; 0.5561; 0.0043; 0.4316; 190278.12; 3601.99; 359874.33; 189935.62; 35.96; 359640.73; 0.0000; 0.0000; 0.0000; 1.0000; 0.0000; 0.0000; 0.00; 0.00; 0.00; 0.00; 0.00; 0.00; 1.00; 0.00; 0.00; 1; 0.0004; 0.0001; 1.0075; 14.5623; 0.0006; 6.3355; 2.4944; 0.0001; 1.1160
16; 0.9988; 0.0003; 0.0000; 0.0000; 0.5247; 0.5421; 0.0042; 0.4213; 332755.94; 6329.24; 632544.14; 332356.64; 63.23; 632269.43; 0.0000; 0.0000; 0.0000; 1.0000; 0.0000; 0.0000; 0.00; 0.00; 0.00; 0.00; 0.00; 0.00; 1.00; 0.00; 0.00; 1; 0.0150; 0.0001; 1.0083; 14.5140; 0.0006; 6.3378; 2.4975; 0.0001; 1.1182
17; 0.9992; 0.0003; 0.0000; 0.0000; 0.5247; 0.5241; 0.0043; 0.4324; 571724.09; 10516.27; 1051205.79; 571266.71; 105.09; 1050909.51; 0.0000; 0.0000; 0.0000; 1.0000; 0.0000; 0.0000; 0.00; 0.00; 0.00; 0.00; 0.00; 0.00; 1.00; 0.00; 0.00; 1; -0.0088; 0.0001; 0.9922; 14.4937; 0.0006; 6.3432; 2.5003; 0.0001; 1.1279
18; 0.9994; 0.0002; 0.0000; 0.0000; 0.5247; 0.5087; 0.0044; 0.4360; 943121.53; 16130.55; 1612571.26; 942555.66; 161.23; 1612252.81; 0.0000; 0.0000; 0.0000; 1.0000; 0.0000; 0.0000; 0.00; 0.00; 0.00; 0.00; 0.00; 0.00; 1.00; 0.00; 0.00; 1; -0.0017; 0.0001; 1.0071; 14.5593; 0.0006; 6.3326; 2.4910; 0.0001; 1.1170
19; 0.9999; 0.0001; 0.0000; 0.0000; 0.5247; 0.4995; 0.0044; 0.4352; 1496410.37; 22813.90; 2281276.15; 1496260.73; 228.12; 2281211.15; 0.0000; 0.0000; 0.0000; 1.0000; 0.0000; 0.0000; 0.00; 0.00; 0.00; 0.00; 0.00; 0.00; 1.00; 0.00; 0.00; 1; 0.0162; 0.0001; 0.9839; 14.6097; 0.0006; 6.3166; 2.4829; 0.0001; 1.1200
20; 0.9999; 0.0001; 0.0000; 0.0000; 0.5247; 0.4796; 0.0044; 0.4371; 2198606.13; 29171.73; 2917027.38; 2198386.27; 291.70; 2916964.37; 0.0000; 0.0000; 0.0000; 1.0000; 0.0000; 0.0000; 0.00; 0.00; 0.00; 0.00; 0.00; 0.00; 1.00; 0.00; 0.00; 1; 0.0028; 0.0001; 1.0114; 14.5161; 0.0006; 6.3196; 2.4883; 0.0001; 1.1203
21; 0.9999; 0.0001; 0.0000; 0.0000; 0.5247; 0.4679; 0.0045; 0.4473; 3042151.12; 34603.26; 3460153.45; 3041846.91; 346.01; 3460114.16; 0.0000; 0.0000; 0.0000; 1.0000; 0.0000; 0.0000; 0.00; 0.00; 0.00; 0.00; 0.00; 0.00; 1.00; 0.00; 0.00; 1; -0.0128; 0.0001; 1.0033; 14.6366; 0.0006; 6.3711; 2.4966; 0.0001; 1.1154
22; 0.9999; 0.0001; 0.0000; 0.0000; 0.5247; 0.4716; 0.0044; 0.4393; 4000971.09; 38913.05; 3891110.39; 4000571.00; 389.11; 3891121.52; 0.0000; 0.0000; 0.0000; 1.0000; 0.0000; 0.0000; 0.00; 0.00; 0.00; 0.00; 0.00; 0.00; 1.00; 0.00; 0.00; 1; -0.0052; 0.0001; 0.9946; 14.5423; 0.0006; 6.3833; 2.4933; 0.0001; 1.1167
23; 1.0000; 0.0000; 0.0000; 0.0000; 0.5247; 0.4642; 0.0044; 0.4384; 4983045.09; 41526.94; 4152694.34; 4983045.09; 415.27; 4152694.34; 0.0000; 0.0000; 0.0000; 1.0000; 0.0000; 0.0000; 0.00; 0.00; 0.00; 0.00; 0.00; 0.00; 1.00; 0.00; 0.00; 1; 0.0169; 0.0001; 0.9948; 14.4498; 0.0006; 6.2902; 2.5207; 0.0001; 1.1268
24; 1.0000; 0.0000; 0.0000; 0.0000; 0.5247; 0.4699; 0.0044; 0.4355; 5938203.90; 42204.26; 4220426.15; 5938203.90; 422.04; 4220426.15; 0.0000; 0.0000; 0.0000; 1.0000; 0.0000; 0.0000; 0.00; 0.00; 0.00; 0.00; 0.00; 0.00; 1.00; 0.00; 0.00; 1; -0.0111; 0.0001; 0.9871; 14.5236; 0.0006; 6.3343; 2.4941; 0.0001; 1.1205
25; 1.0000; 0.0000; 0.0000; 0.0000; 0.5247; 0.4545; 0.0044; 0.4371; 6804038.95; 41493.84; 4149384.20; 6804038.95; 414.94; 4149384.20; 0.0000; 0.0000; 0.0000; 1.0000; 0.0000; 0.0000; 0.00; 0.00; 0.00; 0.00; 0.00; 0.00; 1.00; 0.00; 0.00; 1; -0.0085; 0.0001; 1.0003; 14.4935; 0.0006; 6.3535; 2.4986; 0.0001; 1.1203
26; 1.0000; 0.0000; 0.0000; 0.0000; 0.5247; 0.4501; 0.0044; 0.4437; 7529041.45; 39609.99; 3960999.17; 7529041.45; 396.10; 3960999.17; 0.0000; 0.0000; 0.0000; 1.0000; 0.0000; 0.0000; 0.00; 0.00; 0.00; 0.00; 0.00; 0.00; 1.00; 0.00; 0.00; 1; -0.0078; 0.0001; 1.0077; 14.5775; 0.0006; 6.3275; 2.5122; 0.0001; 1.1196
27; 1.0000; 0.0000; 0.0000; 0.0000; 0.5247; 0.4513; 0.0044; 0.4399; 8172857.90; 37286.65; 3728664.71; 8172857.90; 372.87; 3728664.71; 0.0000; 0.0000; 0.0000; 1.0000; 0.0000; 0.0000; 0.00; 0.00; 0.00; 0.00; 0.00; 0.00; 1.00; 0.00; 0.00; 1; -0.0077; 0.0001; 1.0002; 14.5402; 0.0006; 6.3109; 2.4997; 0.0001; 1.1167
28; 1.0000; 0.0000; 0.0000; 0.0000; 0.5247; 0.4571; 0.0044; 0.4380; 8675462.97; 34387.53; 3438752.68; 8675462.97; 343.88; 3438752.68; 0.0000; 0.0000; 0.0000; 1.0000; 0.0000; 0.0000; 0.00; 0.00; 0.00; 0.00; 0.00; 0.00; 1.00; 0.00; 0.00; 1; 0.0083; 0.0001; 0.9939; 14.6019; 0.0006; 6.3064; 2.4904; 0.0001; 1.1216
29; 1.0000; 0.0000; 0.0000; 0.0000; 0.5247; 0.4486; 0.0044; 0.4414; 9050373.33; 31807.56; 3180756.04; 9050373.33; 318.08; 3180756.04; 0.0000; 0.0000; 0.0000; 1.0000; 0.0000; 0.0000; 0.00; 0.00; 0.00; 0.00; 0.00; 0.00; 1.00; 0.00; 0.00; 1; -0.0056; 0.0001; 0.9943; 14.5106; 0.0006; 6.3320; 2.4975; 0.0001; 1.1200
30; 1.0000; 0.0000; 0.0000; 0.0000; 0.5247; 0.4534; 0.0043; 0.4345; 9388155.60; 29150.14; 2915013.75; 9388155.60; 291.50; 2915013.75; 0.0000; 0.0000; 0.0000; 1.0000; 0.0000; 0.0000; 0.00; 0.00; 0.00; 0.00; 0.00; 0.00; 1.00; 0.00; 0.00; 1; 0.0243; 0.0001; 0.9951; 14.5564; 0.0006; 6.3382; 2.5095; 0.0001; 1.1146
31; 1.0000; 0.0000; 0.0000; 0.0000; 0.5247; 0.4463; 0.0044; 0.4448; 9592947.90; 26919.02; 2691902.24; 9592947.90; 269.19; 2691902.24; 0.0000; 0.0000; 0.0000; 1.0000; 0.0000; 0.0000; 0.00; 0.00; 0.00; 0.00; 0.00; 0.00; 1.00; 0.00; 0.00; 1; -0.0046; 0.0001; 1.0037; 14.5536; 0.0006; 6.3657; 2.5093; 0.0001; 1.1194
32; 1.0000; 0.0000; 0.0000; 0.0000; 0.5247; 0.4533; 0.0043; 0.4307; 9785942.71; 24928.22; 2492821.88; 9785942.71; 249.28; 2492821.88; 0.0000; 0.0000; 0.0000; 1.0000; 0.0000; 0.0000; 0.00; 0.00; 0.00; 0.00; 0.00; 0.00; 1.00; 0.00; 0.00; 1; 0.0191; 0.0001; 1.0046; 14.5673; 0.0006; 6.2979; 2.5000; 0.0001; 1.1178
33; 1.0000; 0.0000; 0.0000; 0.0000; 0.5247; 0.4403; 0.0045; 0.4457; 9872770.25; 23847.69; 2384768.84; 9872770.25; 238.48; 2384768.84; 0.0000; 0.0000; 0.0000; 1.0000; 0.0000; 0.0000; 0.00; 0.00; 0.00; 0.00; 0.00; 0.00; 1.00; 0.00; 0.00; 1; 0.0075; 0.0001; 1.0100; 14.5340; 0.0006; 6.2946; 2.4951; 0.0001; 1.1228
34; 1.0000; 0.0000; 0.0000; 0.0000; 0.5247; 0.4412; 0.0044; 0.4447; 9941306.50; 22708.14; 2270814.01; 9941306.50; 227.08; 2270814.01; 0.0000; 0.0000; 0.0000; 1.0000; 0.0000; 0.0000; 0.00; 0.00; 0.00; 0.00; 0.00; 0.00; 1.00; 0.00; 0.00; 1; 0.0053; 0.0001; 1.0104; 14.4574; 0.0006; 6.2802; 2.5130; 0.0001; 1.1186
35; 1.0000; 0.0000; 0.0000; 0.0000; 0.5247; 0.4434; 0.0045; 0.4450; 10008020.30; 21746.33; 2174633.47; 10008020.30; 217.46; 2174633.47; 0.0000; 0.0000; 0.0000; 1.0000; 0.0000; 0.0000; 0.00; 0.00; 0.00; 0.00; 0.00; 0.00; 1.00; 0.00; 0.00; 1; 0.0110; 0.0001; 1.0029; 14.4971; 0.0006; 6.3192; 2.5119; 0.0001; 1.1163
36; 1.0000; 0.0000; 0.0000; 0.0000; 0.5247; 0.4496; 0.0044; 0.4431; 10050420.58; 21173.05; 2117304.76; 10050420.58; 211.73; 2117304.76; 0.0000; 0.0000; 0.0000; 1.0000; 0.0000; 0.0000; 0.00; 0.00; 0.00; 0.00; 0.00; 0.00; 1.00; 0.00; 0.00; 1; -0.0150; 0.0001; 1.0068; 14.3825; 0.0006; 6.3354; 2.4891; 0.0001; 1.1268
37; 1.0000; 0.0000; 0.0000; 0.0000; 0.5247; 0.4351; 0.0045; 0.4531; 10053750.55; 21043.72; 2104371.77; 10053750.55; 210.44; 2104371.77; 0.0000; 0.0000; 0.0000; 1.0000; 0.0000; 0.0000; 0.00; 0.00; 0.00; 0.00; 0.00; 0.00; 1.00; 0.00; 0.00; 1; 0.0071; 0.0001; 1.0029; 14.5750; 0.0006; 6.3361; 2.5024; 0.0001; 1.1150
38; 1.0000; 0.0000; 0.0000; 0.0000; 0.5247; 0.4393; 0.0045; 0.4515; 10061115.76; 21037.49; 2103749.15; 10061115.76; 210.37; 2103749.15; 0.0000; 0.0000; 0.0000; 1.0000; 0.0000; 0.0000; 0.00; 0.00; 0.00; 0.00; 0.00; 0.00; 1.00; 0.00; 0.00; 1; -0.0028; 0.0001; 1.0006; 14.4738; 0.0006; 6.3632; 2.5077; 0.0001; 1.1191
39; 1.0000; 0.0000; 0.0000; 0.0000; 0.5247; 0.4420; 0.0045; 0.4468; 10089508.55; 20689.32; 2068931.92; 10089508.55; 206.89; 2068931.92; 0.0000; 0.0000; 0.0000; 1.0000; 0.0000; 0.0000; 0.00; 0.00; 0.00; 0.00; 0.00; 0.00; 1.00; 0.00; 0.00; 1; 0.0144; 0.0001; 0.9975; 14.5357; 0.0006; 6.3574; 2.4906; 0.0001; 1.1139
40; 1.0000; 0.0000; 0.0000; 0.0000; 0.5247; 0.4409; 0.0044; 0.4407; 10091853.03; 20151.17; 2015117.10; 10091853.03; 201.51; 2015117.10; 0.0000; 0.0000; 0.0000; 1.0000; 0.0000; 0.0000; 0.00; 0.00; 0.00; 0.00; 0.00; 0.00; 1.00; 0.00; 0.00; 1; 0.0065; 0.0001; 1.0092; 14.4888; 0.0006; 6.2990; 2.5084; 0.0001; 1.1215
41; 1.0000; 0.0000; 0.0000; 0.0000; 0.5247; 0.4403; 0.0045; 0.4511; 10073412.43; 20264.09; 2026409.14; 10073412.43; 202.64; 2026409.14; 0.0000; 0.0000; 0.0000; 1.0000; 0.0000; 0.0000; 0.00; 0.00; 0.00; 0.00; 0.00; 0.00; 1.00; 0.00; 0.00; 1; -0.0037; 0.0001; 1.0014; 14.5098; 0.0006; 6.3506; 2.4883; 0.0001; 1.1196
42; 1.0000; 0.0000; 0.0000; 0.0000; 0.5247; 0.4465; 0.0044; 0.4435; 10111630.64; 20042.02; 2004202.28; 10111630.64; 200.42; 2004202.28; 0.0000; 0.0000; 0.0000; 1.0000; 0.0000; 0.0000; 0.00; 0.00; 0.00; 0.00; 0.00; 0.00; 1.00; 0.00; 0.00; 1; -0.0019; 0.0001; 1.0047; 14.6005; 0.0006; 6.3127; 2.4806; 0.0001; 1.1206
43; 1.0000; 0.0000; 0.0000; 0.0000; 0.5247; 0.4509; 0.0044; 0.4370; 10142242.71; 19803.62; 1980362.25; 10142242.71; 198.04; 1980362.25; 0.0000; 0.0000; 0.0000; 1.0000; 0.0000; 0.0000; 0.00; 0.00; 0.00; 0.00; 0.00; 0.00; 1.00; 0.00; 0.00; 1; -0.0002; 0.0001; 1.0038; 14.5023; 0.0006; 6.3357; 2.4954; 0.0001; 1.1209
44; 1.0000; 0.0000; 0.0000; 0.0000; 0.5247; 0.4394; 0.0045; 0.4478; 10127080.08; 19843.69; 1984369.40; 10127080.08; 198.44; 1984369.40; 0.0000; 0.0000; 0.0000; 1.0000; 0.0000; 0.0000; 0.00; 0.00; 0.00; 0.00; 0.00; 0.00; 1.00; 0.00; 0.00; 1; 0.0041; 0.0001; 1.0071; 14.4181; 0.0006; 6.3360; 2.5302; 0.0001; 1.1151
45; 1.0000; 0.0000; 0.0000; 0.0000; 0.5247; 0.4427; 0.0045; 0.4453; 10131430.30; 19843.59; 1984359.22; 10131430.30; 198.44; 1984359.22; 0.0000; 0.0000; 0.0000; 1.0000; 0.0000; 0.0000; 0.00; 0.00; 0.00; 0.00; 0.00; 0.00; 1.00; 0.00; 0.00; 1; -0.0078; 0.0001; 0.9988; 14.5236; 0.0006; 6.3105; 2.5030; 0.0001; 1.1180
46; 1.0000; 0.0000; 0.0000; 0.0000; 0.5247; 0.4486; 0.0044; 0.4387; 10159131.06; 19744.36; 1974435.77; 10159131.06; 197.44; 1974435.77; 0.0000; 0.0000; 0.0000; 1.0000; 0.0000; 0.0000; 0.00; 0.00; 0.00; 0.00; 0.00; 0.00; 1.00; 0.00; 0.00; 1; -0.0049; 0.0001; 0.9942; 14.3512; 0.0006; 6.3134; 2.4903; 0.0001; 1.1198
47; 1.0000; 0.0000; 0.0000; 0.0000; 0.5247; 0.4368; 0.0045; 0.4464; 10130091.41; 19998.34; 1999834.50; 10130091.41; 199.98; 1999834.50; 0.0000; 0.0000; 0.0000; 1.0000; 0.0000; 0.0000; 0.00; 0.00; 0.00; 0.00; 0.00; 0.00; 1.00; 0.00; 0.00; 1; -0.0092; 0.0001; 0.9956; 14.5757; 0.0006; 6.3058; 2.5083; 0.0001; 1.1156
48; 1.0000; 0.0000; 0.0000; 0.0000; 0.5247; 0.4457; 0.0044; 0.4412; 10120715.02; 19827.79; 1982779.19; 10120715.02; 198.28; 1982779.19; 0.0000; 0.0000; 0.0000; 1.0000; 0.0000; 0.0000; 0.00; 0.00; 0.00; 0.00; 0.00; 0.00; 1.00; 0.00; 0.00; 1; -0.0100; 0.0001; 1.0046; 14.5655; 0.0006; 6.3834; 2.4847; 0.0001; 1.1188
49; 1.0000; 0.0000; 0.0000; 0.0000; 0.5247; 0.4455; 0.0044; 0.4372; 10162504.82; 19489.20; 1948919.94; 10162504.82; 194.89; 1948919.94; 0.0000; 0.0000; 0.0000; 1.0000; 0.0000; 0.0000; 0.00; 0.00; 0.00; 0.00; 0.00; 0.00; 1.00; 0.00; 0.00; 1; -0.0184; 0.0001; 1.0033; 14.4407; 0.0006; 6.3332; 2.5080; 0.0001; 1.1179
50; 1.0000; 0.0000; 0.0000; 0.0000; 0.5247; 0.4455; 0.0043; 0.4345; 10178383.84; 19252.64; 1925263.83; 10178383.84; 192.53; 1925263.83; 0.0000; 0.0000; 0.0000; 1.0000; 0.0000; 0.0000; 0.00; 0.00; 0.00; 0.00; 0.00; 0.00; 1.00; 0.00; 0.00; 1; 0.0061; 0.0001; 1.0027; 14.5532; 0.0006; 6.3857; 2.5119; 0.0001; 1.1134
Metapopulation
0; 1.0000; 0.0000; 0.0000; 0.0000; 0.5189;      0;      0;      0; 742.00; 0.00; 0.00; 742.00; 0.00; 0.00; 0.0000; 0.0000; 0.0000; 1.0000; 0.0000; 0.0000; 0.00; 0.00; 0.00; 0.00; 0.00; 0.00; 0.00; 0.00; 0.00; 0; 0.0103; 0.0001; 1.0030; 14.4577; 0.0006; 6.3924; 2.5259; 0.0001; 1.1131
1; 1.0000; 0.0000; 0.0000; 0.0000; 0.5189; 0.4541; 0.0040; 0.3969; 1252.97; 4.32; 432.20; 1252.97; 0.04; 432.20; 0.0000; 0.0000; 0.0000; 1.0000; 0.0000; 0.0000; 0.00; 0.00; 0.00; 0.00; 0.00; 0.00; 0.00; 0.00; 0.00; 0; 0.0069; 0.0001; 1.0059; 14.4733; 0.0006; 6.3582; 2.4953; 0.0001; 1.1241
2; 1.0000; 0.0000; 0.0000; 0.0000; 0.5189; 0.4403; 0.0040; 0.3996; 2087.97; 10.60; 1060.30; 2087.97; 0.11; 1060.30; 0.0000; 0.0000; 0.0000; 1.0000; 0.0000; 0.0000; 0.00; 0.00; 0.00; 0.00; 0.00; 0.00; 0.00; 0.00; 0.00; 0; -0.0087; 0.0001; 1.0029; 14.5261; 0.0006; 6.3573; 2.5005; 0.0001; 1.1151
3; 1.0000; 0.0000; 0.0000; 0.0000; 0.5189; 0.4414; 0.0040; 0.3961; 3473.99; 22.17; 2216.52; 3473.99; 0.22; 2216.52; 0.0000; 0.0000; 0.0000; 1.0000; 0.0000; 0.0000; 0.00; 0.00; 0.00; 0.00; 0.00; 0.00; 0.00; 0.00; 0.00; 0; -0.0040; 0.0001; 0.9979; 14.4240; 0.0006; 6.3772; 2.5000; 0.0001; 1.1203
4; 1.0000; 0.0000; 0.0000; 0.0000; 0.5189; 0.4417; 0.0039; 0.3914; 5803.42; 44.37; 4437.36; 5803.42; 0.44; 4437.36; 0.0000; 0.0000; 0.0000; 1.0000; 0.0000; 0.0000; 0.00; 0.00; 0.00; 0.00; 0.00; 0.00; 0.00; 0.00; 0.00; 0; 0.0033; 0.0001; 1.0035; 14.6513; 0.0006; 6.3509; 2.4958; 0.0001; 1.1264
5; 1.0000; 0.0000; 0.0000; 0.0000; 0.5189; 0.4343; 0.0039; 0.3928; 9627.81; 86.05; 8605.00; 9627.81; 0.86; 8605.00; 0.0000; 0.0000; 0.0000; 1.0000; 0.0000; 0.0000; 0.00; 0.00; 0.00; 0.00; 0.00; 0.00; 0.00; 0.00; 0.00; 0; 0.0001; 0.0001; 0.9977; 14.4779; 0.0006; 6.3415; 2.4956; 0.0001; 1.1226
6; 1.0000; 0.0000; 0.0000; 0.0000; 0.5189; 0.4293; 0.0039; 0.3894; 15883.71; 162.36; 16235.89; 15883.71; 1.62; 16235.89; 0.0000; 0.0000; 0.0000; 1.0000; 0.0000; 0.0000; 0.00; 0.00; 0.00; 0.00; 0.00; 0.00; 0.00; 0.00; 0.00; 0; -0.0116; 0.0001; 1.0021; 14.5603; 0.0006; 6.3318; 2.5027; 0.0001; 1.1203
7; 1.0000; 0.0000; 0.0000; 0.0000; 0.5189; 0.4225; 0.0040; 0.3959; 26029.14; 294.52; 29452.38; 26029.14; 2.95; 29452.38; 0.0000; 0.0000; 0.0000; 1.0000; 0.0000; 0.0000; 0.00; 0.00; 0.00; 0.00; 0.00; 0.00; 0.00; 0.00; 0.00; 0; 0.0055; 0.0001; 1.0127; 14.6346; 0.0006; 6.2960; 2.5097; 0.0001; 1.1157
8; 1.0000; 0.0000; 0.0000; 0.0000; 0.5189; 0.4333; 0.0039; 0.3905; 42930.97; 526.87; 52686.83; 42930.97; 5.27; 52686.83; 0.0000; 0.0000; 0.0000; 1.0000; 0.0000; 0.0000; 0.00; 0.00; 0.00; 0.00; 0.00; 0.00; 0.00; 0.00; 0.00; 0; -0.0038; 0.0001; 1.0027; 14.5812; 0.0006; 6.3030; 2.5018; 0.0001; 1.1176
9; 1.0000; 0.0000; 0.0000; 0.0000; 0.5189; 0.4274; 0.0039; 0.3879; 70081.25; 913.49; 91349.32; 70081.25; 9.13; 91349.32; 0.0000; 0.0000; 0.0000; 1.0000; 0.0000; 0.0000; 0.00; 0.00; 0.00; 0.00; 0.00; 0.00; 0.00; 0.00; 0.00; 0; 0.0067; 0.0001; 0.9999; 14.4863; 0.0006; 6.3343; 2.5169; 0.0001; 1.1147
10; 1.0000; 0.0000; 0.0000; 0.0000; 0.5189; 0.4308; 0.0038; 0.3790; 112845.62; 1471.44; 147144.45; 112845.62; 14.71; 147144.45; 0.0000; 0.0000; 0.0000; 1.0000; 0.0000; 0.0000; 0.00; 0.00; 0.00; 0.00; 0.00; 0.00; 0.00; 0.00; 0.00; 0; -0.0078; 0.0001; 0.9922; 14.5277; 0.0006; 6.3722; 2.5024; 0.0001; 1.1151
11; 1.0000; 0.0000; 0.0000; 0.0000; 0.5189; 0.4297; 0.0038; 0.3832; 177684.88; 2223.39; 222338.98; 177684.88; 22.23; 222338.98; 0.0000; 0.0000; 0.0000; 1.0000; 0.0000; 0.0000; 0.00; 0.00; 0.00; 0.00; 0.00; 0.00; 0.00; 0.00; 0.00; 0; -0.0065; 0.0001; 1.0047; 14.5485; 0.0006; 6.3185; 2.4954; 0.0001; 1.1199
12; 1.0000; 0.0000; 0.0000; 0.0000; 0.5189; 0.4350; 0.0038; 0.3803; 267367.40; 3089.13; 308913.19; 267367.40; 30.89; 308913.19; 0.0000; 0.0000; 0.0000; 1.0000; 0.0000; 0.0000; 0.00; 0.00; 0.00; 0.00; 0.00; 0.00; 0.00; 0.00; 0.00; 0; -0.0034; 0.0001; 0.9961; 14.5139; 0.0006; 6.3473; 2.5014; 0.0001; 1.1104
13; 1.0000; 0.0000; 0.0000; 0.0000; 0.5189; 0.4313; 0.0037; 0.3737; 385783.45; 4076.55; 407654.70; 385783.45; 40.77; 407654.70; 0.0000; 0.0000; 0.0000; 1.0000; 0.0000; 0.0000; 0.00; 0.00; 0.00; 0.00; 0.00; 0.00; 0.00; 0.00; 0.00; 0; -0.0032; 0.0001; 0.9930; 14.4552; 0.0006; 6.3092; 2.4829; 0.0001; 1.1140
14; 1.0000; 0.0000; 0.0000; 0.0000; 0.5189; 0.4411; 0.0037; 0.3679; 535680.32; 5208.08; 520807.63; 535680.32; 52.08; 520807.63; 0.0000; 0.0000; 0.0000; 1.0000; 0.0000; 0.0000; 0.00; 0.00; 0.00; 0.00; 0.00; 0.00; 0.00; 0.00; 0.00; 0; -0.0032; 0.0001; 1.0005; 14.5097; 0.0006; 6.3446; 2.5161; 0.0001; 1.1174
15; 1.0000; 0.0000; 0.0000; 0.0000; 0.5189; 0.4339; 0.0037; 0.3699; 723525.61; 6748.82; 674882.09; 723525.61; 67.49; 674882.09; 0.0000; 0.0000; 0.0000; 1.0000; 0.0000; 0.0000; 0.00; 0.00; 0.00; 0.00; 0.00; 0.00; 0.00; 0.00; 0.00; 0; 0.0004; 0.0001; 1.0075; 14.5623; 0.0006; 6.3355; 2.4944; 0.0001; 1.1160
16; 1.0000; 0.0000; 0.0000; 0.0000; 0.5189; 0.4302; 0.0036; 0.3616; 966586.35; 9134.67; 913466.70; 966586.35; 91.35; 913466.70; 0.0000; 0.0000; 0.0000; 1.0000; 0.0000; 0.0000; 0.00; 0.00; 0.00; 0.00; 0.00; 0.00; 0.00; 0.00; 0.00; 0; 0.0150; 0.0001; 1.0083; 14.5140; 0.0006; 6.3378; 2.4975; 0.0001; 1.1182
17; 1.0000; 0.0000; 0.0000; 0.0000; 0.5189; 0.4404; 0.0036; 0.3634; 1299909.63; 12932.43; 1293243.23; 1299909.63; 129.32; 1293243.23; 0.0000; 0.0000; 0.0000; 1.0000; 0.0000; 0.0000; 0.00; 0.00; 0.00; 0.00; 0.00; 0.00; 0.00; 0.00; 0.00; 0; -0.0088; 0.0001; 0.9922; 14.4937; 0.0006; 6.3432; 2.5003; 0.0001; 1.1279
18; 1.0000; 0.0000; 0.0000; 0.0000; 0.5189; 0.4388; 0.0036; 0.3638; 1755662.64; 18214.61; 1821461.02; 1755662.64; 182.15; 1821461.02; 0.0000; 0.0000; 0.0000; 1.0000; 0.0000; 0.0000; 0.00; 0.00; 0.00; 0.00; 0.00; 0.00; 0.00; 0.00; 0.00; 0; -0.0017; 0.0001; 1.0071; 14.5593; 0.0006; 6.3326; 2.4910; 0.0001; 1.1170
19; 1.0000; 0.0000; 0.0000; 0.0000; 0.5189; 0.4404; 0.0036; 0.3633; 2377860.61; 24658.00; 2465799.81; 2377860.61; 246.58; 2465799.81; 0.0000; 0.0000; 0.0000; 1.0000; 0.0000; 0.0000; 0.00; 0.00; 0.00; 0.00; 0.00; 0.00; 0.00; 0.00; 0.00; 0; 0.0162; 0.0001; 0.9839; 14.6097; 0.0006; 6.3166; 2.4829; 0.0001; 1.1200
20; 1.0000; 0.0000; 0.0000; 0.0000; 0.5189; 0.4348; 0.0036; 0.3639; 3135225.01; 30858.12; 3085811.59; 3135225.01; 308.58; 3085811.59; 0.0000; 0.0000; 0.0000; 1.0000; 0.0000; 0.0000; 0.00; 0.00; 0.00; 0.00; 0.00; 0.00; 0.00; 0.00; 0.00; 0; 0.0028; 0.0001; 1.0114; 14.5161; 0.0006; 6.3196; 2.4883; 0.0001; 1.1203
21; 1.0000; 0.0000; 0.0000; 0.0000; 0.5189; 0.4389; 0.0037; 0.3727; 4022768.80; 36107.05; 3610705.09; 4022768.80; 361.07; 3610705.09; 0.0000; 0.0000; 0.0000; 1.0000; 0.0000; 0.0000; 0.00; 0.00; 0.00; 0.00; 0.00; 0.00; 0.00; 0.00; 0.00; 0; -0.0128; 0.0001; 1.0033; 14.6366; 0.0006; 6.3711; 2.4966; 0.0001; 1.1154
22; 1.0000; 0.0000; 0.0000; 0.0000; 0.5189; 0.4477; 0.0037; 0.3709; 5019127.23; 40296.21; 4029620.73; 5019127.23; 402.96; 4029620.73; 0.0000; 0.0000; 0.0000; 1.0000; 0.0000; 0.0000; 0.00; 0.00; 0.00; 0.00; 0.00; 0.00; 0.00; 0.00; 0.00; 0; -0.0052; 0.0001; 0.9946; 14.5423; 0.0006; 6.3833; 2.4933; 0.0001; 1.1167
23; 1.0000; 0.0000; 0.0000; 0.0000; 0.5189; 0.4473; 0.0038; 0.3795; 6033107.24; 42775.67; 4277567.08; 6033107.24; 427.76; 4277567.08; 0.0000; 0.0000; 0.0000; 1.0000; 0.0000; 0.0000; 0.00; 0.00; 0.00; 0.00; 0.00; 0.00; 0.00; 0.00; 0.00; 0; 0.0169; 0.0001; 0.9948; 14.4498; 0.0006; 6.2902; 2.5207; 0.0001; 1.1268
24; 1.0000; 0.0000; 0.0000; 0.0000; 0.5189; 0.4547; 0.0038; 0.3824; 7009510.35; 43316.74; 4331674.09; 7009510.35; 433.17; 4331674.09; 0.0000; 0.0000; 0.0000; 1.0000; 0.0000; 0.0000; 0.00; 0.00; 0.00; 0.00; 0.00; 0.00; 0.00; 0.00; 0.00; 0; -0.0111; 0.0001; 0.9871; 14.5236; 0.0006; 6.3343; 2.4941; 0.0001; 1.1205
25; 1.0000; 0.0000; 0.0000; 0.0000; 0.5189; 0.4453; 0.0038; 0.3848; 7893637.52; 42479.95; 4247994.65; 7893637.52; 424.80; 4247994.65; 0.0000; 0.0000; 0.0000; 1.0000; 0.0000; 0.0000; 0.00; 0.00; 0.00; 0.00; 0.00; 0.00; 0.00; 0.00; 0.00; 0; -0.0085; 0.0001; 1.0003; 14.4935; 0.0006; 6.3535; 2.4986; 0.0001; 1.1203
26; 1.0000; 0.0000; 0.0000; 0.0000; 0.5189; 0.4450; 0.0040; 0.3968; 8628009.83; 40522.12; 4052211.83; 8628009.83; 405.22; 4052211.83; 0.0000; 0.0000; 0.0000; 1.0000; 0.0000; 0.0000; 0.00; 0.00; 0.00; 0.00; 0.00; 0.00; 0.00; 0.00; 0.00; 0; -0.0078; 0.0001; 1.0077; 14.5775; 0.0006; 6.3275; 2.5122; 0.0001; 1.1196
27; 1.0000; 0.0000; 0.0000; 0.0000; 0.5189; 0.4485; 0.0040; 0.3969; 9282981.93; 38160.93; 3816093.18; 9282981.93; 381.61; 3816093.18; 0.0000; 0.0000; 0.0000; 1.0000; 0.0000; 0.0000; 0.00; 0.00; 0.00; 0.00; 0.00; 0.00; 0.00; 0.00; 0.00; 0; -0.0077; 0.0001; 1.0002; 14.5402; 0.0006; 6.3109; 2.4997; 0.0001; 1.1167
28; 1.0000; 0.0000; 0.0000; 0.0000; 0.5189; 0.4535; 0.0040; 0.3985; 9795209.41; 35232.85; 3523284.79; 9795209.41; 352.33; 3523284.79; 0.0000; 0.0000; 0.0000; 1.0000; 0.0000; 0.0000; 0.00; 0.00; 0.00; 0.00; 0.00; 0.00; 0.00; 0.00; 0.00; 0; 0.0083; 0.0001; 0.9939; 14.6019; 0.0006; 6.3064; 2.4904; 0.0001; 1.1216
29; 1.0000; 0.0000; 0.0000; 0.0000; 0.5189; 0.4493; 0.0040; 0.4036; 10171630.77; 32582.93; 3258292.79; 10171630.77; 325.83; 3258292.79; 0.0000; 0.0000; 0.0000; 1.0000; 0.0000; 0.0000; 0.00; 0.00; 0.00; 0.00; 0.00; 0.00; 0.00; 0.00; 0.00; 0; -0.0056; 0.0001; 0.9943; 14.5106; 0.0006; 6.3320; 2.4975; 0.0001; 1.1200
30; 1.0000; 0.0000; 0.0000; 0.0000; 0.5189; 0.4517; 0.0040; 0.4007; 10513461.46; 29868.34; 2986833.59; 10513461.46; 298.68; 2986833.59; 0.0000; 0.0000; 0.0000; 1.0000; 0.0000; 0.0000; 0.00; 0.00; 0.00; 0.00; 0.00; 0.00; 0.00; 0.00; 0.00; 0; 0.0243; 0.0001; 0.9951; 14.5564; 0.0006; 6.3382; 2.5095; 0.0001; 1.1146
31; 1.0000; 0.0000; 0.0000; 0.0000; 0.5189; 0.4472; 0.0041; 0.4090; 10722261.33; 27585.18; 2758517.77; 10722261.33; 275.85; 2758517.77; 0.0000; 0.0000; 0.0000; 1.0000; 0.0000; 0.0000; 0.00; 0.00; 0.00; 0.00; 0.00; 0.00; 0.00; 0.00; 0.00; 0; -0.0046; 0.0001; 1.0037; 14.5536; 0.0006; 6.3657; 2.5093; 0.0001; 1.1194
32; 1.0000; 0.0000; 0.0000; 0.0000; 0.5189; 0.4528; 0.0040; 0.4005; 10917520.96; 25598.28; 2559828.03; 10917520.96; 255.98; 2559828.03; 0.0000; 0.0000; 0.0000; 1.0000; 0.0000; 0.0000; 0.00; 0.00; 0.00; 0.00; 0.00; 0.00; 0.00; 0.00; 0.00; 0; 0.0191; 0.0001; 1.0046; 14.5673; 0.0006; 6.2979; 2.5000; 0.0001; 1.1178
33; 1.0000; 0.0000; 0.0000; 0.0000; 0.5189; 0.4419; 0.0041; 0.4139; 11004177.73; 24520.32; 2452032.10; 11004177.73; 245.20; 2452032.10; 0.0000; 0.0000; 0.0000; 1.0000; 0.0000; 0.0000; 0.00; 0.00; 0.00; 0.00; 0.00; 0.00; 0.00; 0.00; 0.00; 0; 0.0075; 0.0001; 1.0100; 14.5340; 0.0006; 6.2946; 2.4951; 0.0001; 1.1228
34; 1.0000; 0.0000; 0.0000; 0.0000; 0.5189; 0.4426; 0.0041; 0.4129; 11074983.48; 23353.85; 2335384.96; 11074983.48; 233.54; 2335384.96; 0.0000; 0.0000; 0.0000; 1.0000; 0.0000; 0.0000; 0.00; 0.00; 0.00; 0.00; 0.00; 0.00; 0.00; 0.00; 0.00; 0; 0.0053; 0.0001; 1.0104; 14.4574; 0.0006; 6.2802; 2.5130; 0.0001; 1.1186
35; 1.0000; 0.0000; 0.0000; 0.0000; 0.5189; 0.4449; 0.0041; 0.4131; 11142255.40; 22412.87; 2241287.02; 11142255.40; 224.13; 2241287.02; 0.0000; 0.0000; 0.0000; 1.0000; 0.0000; 0.0000; 0.00; 0.00; 0.00; 0.00; 0.00; 0.00; 0.00; 0.00; 0.00; 0; 0.0110; 0.0001; 1.0029; 14.4971; 0.0006; 6.3192; 2.5119; 0.0001; 1.1163
36; 1.0000; 0.0000; 0.0000; 0.0000; 0.5189; 0.4503; 0.0041; 0.4130; 11183508.69; 21840.89; 2184089.15; 11183508.69; 218.41; 2184089.15; 0.0000; 0.0000; 0.0000; 1.0000; 0.0000; 0.0000; 0.00; 0.00; 0.00; 0.00; 0.00; 0.00; 0.00; 0.00; 0.00; 0; -0.0150; 0.0001; 1.0068; 14.3825; 0.0006; 6.3354; 2.4891; 0.0001; 1.1268
37; 1.0000; 0.0000; 0.0000; 0.0000; 0.5189; 0.4377; 0.0042; 0.4203; 11187913.75; 21710.79; 2171079.37; 11187913.75; 217.11; 2171079.37; 0.0000; 0.0000; 0.0000; 1.0000; 0.0000; 0.0000; 0.00; 0.00; 0.00; 0.00; 0.00; 0.00; 0.00; 0.00; 0.00; 0; 0.0071; 0.0001; 1.0029; 14.5750; 0.0006; 6.3361; 2.5024; 0.0001; 1.1150
38; 1.0000; 0.0000; 0.0000; 0.0000; 0.5189; 0.4413; 0.0042; 0.4181; 11194031.30; 21709.06; 2170906.45; 11194031.30; 217.09; 2170906.45; 0.0000; 0.0000; 0.0000; 1.0000; 0.0000; 0.0000; 0.00; 0.00; 0.00; 0.00; 0.00; 0.00; 0.00; 0.00; 0.00; 0; -0.0028; 0.0001; 1.0006; 14.4738; 0.0006; 6.3632; 2.5077; 0.0001; 1.1191
39; 1.0000; 0.0000; 0.0000; 0.0000; 0.5189; 0.4435; 0.0042; 0.4154; 11223812.51; 21379.49; 2137949.16; 11223812.51; 213.79; 2137949.16; 0.0000; 0.0000; 0.0000; 1.0000; 0.0000; 0.0000; 0.00; 0.00; 0.00; 0.00; 0.00; 0.00; 0.00; 0.00; 0.00; 0; 0.0144; 0.0001; 0.9975; 14.5357; 0.0006; 6.3574; 2.4906; 0.0001; 1.1139
40; 1.0000; 0.0000; 0.0000; 0.0000; 0.5189; 0.4426; 0.0041; 0.4112; 11227306.25; 20819.42; 2081942.30; 11227306.25; 208.19; 2081942.30; 0.0000; 0.0000; 0.0000; 1.0000; 0.0000; 0.0000; 0.00; 0.00; 0.00; 0.00; 0.00; 0.00; 0.00; 0.00; 0.00; 0; 0.0065; 0.0001; 1.0092; 14.4888; 0.0006; 6.2990; 2.5084; 0.0001; 1.1215
41; 1.0000; 0.0000; 0.0000; 0.0000; 0.5189; 0.4421; 0.0042; 0.4198; 11206024.62; 20930.15; 2093015.26; 11206024.62; 209.30; 2093015.26; 0.0000; 0.0000; 0.0000; 1.0000; 0.0000; 0.0000; 0.00; 0.00; 0.00; 0.00; 0.00; 0.00; 0.00; 0.00; 0.00; 0; -0.0037; 0.0001; 1.0014; 14.5098; 0.0006; 6.3506; 2.4883; 0.0001; 1.1196
42; 1.0000; 0.0000; 0.0000; 0.0000; 0.5189; 0.4487; 0.0041; 0.4121; 11246525.38; 20705.29; 2070529.38; 11246525.38; 207.05; 2070529.38; 0.0000; 0.0000; 0.0000; 1.0000; 0.0000; 0.0000; 0.00; 0.00; 0.00; 0.00; 0.00; 0.00; 0.00; 0.00; 0.00; 0; -0.0019; 0.0001; 1.0047; 14.6005; 0.0006; 6.3127; 2.4806; 0.0001; 1.1206
43; 1.0000; 0.0000; 0.0000; 0.0000; 0.5189; 0.4519; 0.0041; 0.4085; 11278986.95; 20495.96; 2049595.68; 11278986.95; 204.96; 2049595.68; 0.0000; 0.0000; 0.0000; 1.0000; 0.0000; 0.0000; 0.00; 0.00; 0.00; 0.00; 0.00; 0.00; 0.00; 0.00; 0.00; 0; -0.0002; 0.0001; 1.0038; 14.5023; 0.0006; 6.3357; 2.4954; 0.0001; 1.1209
44; 1.0000; 0.0000; 0.0000; 0.0000; 0.5189; 0.4415; 0.0042; 0.4167; 11259218.92; 20483.13; 2048312.55; 11259218.92; 204.83; 2048312.55; 0.0000; 0.0000; 0.0000; 1.0000; 0.0000; 0.0000; 0.00; 0.00; 0.00; 0.00; 0.00; 0.00; 0.00; 0.00; 0.00; 0; 0.0041; 0.0001; 1.0071; 14.4181; 0.0006; 6.3360; 2.5302; 0.0001; 1.1151
45; 1.0000; 0.0000; 0.0000; 0.0000; 0.5189; 0.4441; 0.0041; 0.4138; 11267187.84; 20483.17; 2048317.46; 11267187.84; 204.83; 2048317.46; 0.0000; 0.0000; 0.0000; 1.0000; 0.0000; 0.0000; 0.00; 0.00; 0.00; 0.00; 0.00; 0.00; 0.00; 0.00; 0.00; 0; -0.0078; 0.0001; 0.9988; 14.5236; 0.0006; 6.3105; 2.5030; 0.0001; 1.1180
46; 1.0000; 0.0000; 0.0000; 0.0000; 0.5189; 0.4501; 0.0041; 0.4092; 11295375.25; 20411.92; 2041191.98; 11295375.25; 204.12; 2041191.98; 0.0000; 0.0000; 0.0000; 1.0000; 0.0000; 0.0000; 0.00; 0.00; 0.00; 0.00; 0.00; 0.00; 0.00; 0.00; 0.00; 0; -0.0049; 0.0001; 0.9942; 14.3512; 0.0006; 6.3134; 2.4903; 0.0001; 1.1198
47; 1.0000; 0.0000; 0.0000; 0.0000; 0.5189; 0.4393; 0.0042; 0.4166; 11265245.13; 20685.24; 2068524.44; 11265245.13; 206.85; 2068524.44; 0.0000; 0.0000; 0.0000; 1.0000; 0.0000; 0.0000; 0.00; 0.00; 0.00; 0.00; 0.00; 0.00; 0.00; 0.00; 0.00; 0; -0.0092; 0.0001; 0.9956; 14.5757; 0.0006; 6.3058; 2.5083; 0.0001; 1.1156
48; 1.0000; 0.0000; 0.0000; 0.0000; 0.5189; 0.4477; 0.0041; 0.4112; 11256853.76; 20468.86; 2046886.34; 11256853.76; 204.69; 2046886.34; 0.0000; 0.0000; 0.0000; 1.0000; 0.0000; 0.0000; 0.00; 0.00; 0.00; 0.00; 0.00; 0.00; 0.00; 0.00; 0.00; 0; -0.0100; 0.0001; 1.0046; 14.5655; 0.0006; 6.3834; 2.4847; 0.0001; 1.1188
49; 1.0000; 0.0000; 0.0000; 0.0000; 0.5189; 0.4472; 0.0041; 0.4074; 11298817.02; 20094.69; 2009469.23; 11298817.02; 200.95; 2009469.23; 0.0000; 0.0000; 0.0000; 1.0000; 0.0000; 0.0000; 0.00; 0.00; 0.00; 0.00; 0.00; 0.00; 0.00; 0.00; 0.00; 0; -0.0184; 0.0001; 1.0033; 14.4407; 0.0006; 6.3332; 2.5080; 0.0001; 1.1179
50; 1.0000; 0.0000; 0.0000; 0.0000; 0.5189; 0.4461; 0.0041; 0.4060; 11314749.72; 19907.42; 1990741.89; 11314749.72; 199.07; 1990741.89; 0.0000; 0.0000; 0.0000; 1.0000; 0.0000; 0.0000; 0.00; 0.00; 0.00; 0.00; 0.00; 0.00; 0.00; 0.00; 0.00; 0; 0.0061; 0.0001; 1.0027; 14.5532; 0.0006; 6.3857; 2.5119; 0.0001; 1.1134
