    Year (Census)
    Proportion of populations extant, SE
    Proportion of populations going extinct for the first time in year, SE
    Deterministic growth, Stochastic growth, SE, SD
    Mean population size (across extant populations), SE, SD
    Mean population size (across all populations), SE, SD
    Population-based model: No genetic data (12 skipped fields)



    Mean time to extinction, SE, SD
    Median time to extinction
    GSVars(3): Mean, SE, SD
Year;PExtant;SE(PExtant);PExtinct;SE(PExtinct);r-det;r-stoch;SE(r);SD(r);Nextant;SE(Nextant);SD(Nextant);Nall;SE(Nall);SD(Nall);Het;SE(Het);SD(Het);Inbr;SE(Inbr);SD(Inbr);Nalleles;SE(Nalleles);SD(Nalleles);Nlethals;SE(Nlethals);SD(Nlethals);TE;SE(TE);SD(TE);medTE;NRANDx;SE(NRANDx);SD(NRANDx);immigBord;SE(immigBord);SD(immigBord);immigSC;SE(immigSC);SD(immigSC)
Control_09Tech
Population 1: Border
0; 1.0000; 0.0000; 0.0000; 0.0000; 0.0891;      0;      0;      0; 632.00; 0.00; 0.00; 632.00; 0.00; 0.00; 0.0000; 0.0000; 0.0000; 1.0000; 0.0000; 0.0000; 0.00; 0.00; 0.00; 0.00; 0.00; 0.00; 0.00; 0.00; 0.00; 0; -0.0163; 0.0001; 0.9890; 14.6088; 0.0006; 6.3193; 2.4965; 0.0001; 1.1137
1; 1.0000; 0.0000; 0.0000; 0.0000; 0.0891; -0.1216; 0.0068; 0.6808; 676.84; 3.62; 361.51; 676.84; 0.04; 361.51; 0.0000; 0.0000; 0.0000; 1.0000; 0.0000; 0.0000; 0.00; 0.00; 0.00; 0.00; 0.00; 0.00; 0.00; 0.00; 0.00; 0; 0.0061; 0.0001; 1.0013; 14.4559; 0.0006; 6.3748; 2.5033; 0.0001; 1.1180
2; 1.0000; 0.0000; 0.0000; 0.0000; 0.0891; -0.3217; 0.0073; 0.7338; 612.90; 5.40; 540.04; 612.90; 0.05; 540.04; 0.0000; 0.0000; 0.0000; 1.0000; 0.0000; 0.0000; 0.00; 0.00; 0.00; 0.00; 0.00; 0.00; 0.00; 0.00; 0.00; 0; 0.0077; 0.0001; 0.9960; 14.5056; 0.0006; 6.3299; 2.4742; 0.0001; 1.1207
3; 1.0000; 0.0000; 0.0000; 0.0000; 0.0891; -0.3152; 0.0072; 0.7231; 545.75; 6.62; 662.46; 545.75; 0.07; 662.46; 0.0000; 0.0000; 0.0000; 1.0000; 0.0000; 0.0000; 0.00; 0.00; 0.00; 0.00; 0.00; 0.00; 0.00; 0.00; 0.00; 0; 0.0057; 0.0001; 0.9940; 14.5534; 0.0006; 6.3051; 2.4917; 0.0001; 1.1164
4; 1.0000; 0.0000; 0.0000; 0.0000; 0.0891; -0.2763; 0.0071; 0.7055; 486.85; 7.73; 773.43; 486.85; 0.08; 773.43; 0.0000; 0.0000; 0.0000; 1.0000; 0.0000; 0.0000; 0.00; 0.00; 0.00; 0.00; 0.00; 0.00; 0.00; 0.00; 0.00; 0; -0.0031; 0.0001; 0.9993; 14.4569; 0.0006; 6.3793; 2.5128; 0.0001; 1.1211
5; 1.0000; 0.0000; 0.0000; 0.0000; 0.0891; -0.3682; 0.0072; 0.7164; 376.32; 7.44; 744.16; 376.32; 0.07; 744.16; 0.0000; 0.0000; 0.0000; 1.0000; 0.0000; 0.0000; 0.00; 0.00; 0.00; 0.00; 0.00; 0.00; 0.00; 0.00; 0.00; 0; 0.0068; 0.0001; 0.9941; 14.3965; 0.0006; 6.3595; 2.4738; 0.0001; 1.1163
6; 1.0000; 0.0000; 0.0000; 0.0000; 0.0891; -0.3007; 0.0070; 0.7008; 293.67; 6.84; 684.45; 293.67; 0.07; 684.45; 0.0000; 0.0000; 0.0000; 1.0000; 0.0000; 0.0000; 0.00; 0.00; 0.00; 0.00; 0.00; 0.00; 0.00; 0.00; 0.00; 0; 0.0173; 0.0001; 0.9952; 14.5069; 0.0006; 6.3310; 2.4964; 0.0001; 1.1185
7; 1.0000; 0.0000; 0.0000; 0.0000; 0.0891; -0.2537; 0.0069; 0.6913; 234.68; 6.35; 634.53; 234.68; 0.06; 634.53; 0.0000; 0.0000; 0.0000; 1.0000; 0.0000; 0.0000; 0.00; 0.00; 0.00; 0.00; 0.00; 0.00; 0.00; 0.00; 0.00; 0; 0.0102; 0.0001; 0.9962; 14.5141; 0.0006; 6.3459; 2.4991; 0.0001; 1.1117
8; 1.0000; 0.0000; 0.0000; 0.0000; 0.0891; -0.1872; 0.0066; 0.6611; 193.52; 5.78; 577.66; 193.52; 0.06; 577.66; 0.0000; 0.0000; 0.0000; 1.0000; 0.0000; 0.0000; 0.00; 0.00; 0.00; 0.00; 0.00; 0.00; 0.00; 0.00; 0.00; 0; 0.0165; 0.0001; 1.0043; 14.5447; 0.0006; 6.3904; 2.4917; 0.0001; 1.1170
9; 1.0000; 0.0000; 0.0000; 0.0000; 0.0891; -0.1547; 0.0066; 0.6617; 155.97; 5.32; 532.44; 155.97; 0.05; 532.44; 0.0000; 0.0000; 0.0000; 1.0000; 0.0000; 0.0000; 0.00; 0.00; 0.00; 0.00; 0.00; 0.00; 0.00; 0.00; 0.00; 0; -0.0047; 0.0001; 0.9930; 14.5565; 0.0006; 6.3519; 2.4934; 0.0001; 1.1167
10; 1.0000; 0.0000; 0.0000; 0.0000; 0.0891; -0.1107; 0.0064; 0.6324; 131.59; 4.73; 472.93; 131.59; 0.05; 472.93; 0.0000; 0.0000; 0.0000; 1.0000; 0.0000; 0.0000; 0.00; 0.00; 0.00; 0.00; 0.00; 0.00; 0.00; 0.00; 0.00; 0; -0.0002; 0.0001; 1.0024; 14.5509; 0.0006; 6.2911; 2.4929; 0.0001; 1.1173
11; 1.0000; 0.0000; 0.0000; 0.0000; 0.0891; -0.0869; 0.0063; 0.6233; 114.91; 4.89; 488.60; 114.91; 0.05; 488.60; 0.0000; 0.0000; 0.0000; 1.0000; 0.0000; 0.0000; 0.00; 0.00; 0.00; 0.00; 0.00; 0.00; 0.00; 0.00; 0.00; 0; -0.0009; 0.0001; 0.9927; 14.4522; 0.0006; 6.3585; 2.5001; 0.0001; 1.1204
12; 1.0000; 0.0000; 0.0000; 0.0000; 0.0891; -0.0688; 0.0062; 0.6152; 102.26; 4.81; 481.30; 102.26; 0.05; 481.30; 0.0000; 0.0000; 0.0000; 1.0000; 0.0000; 0.0000; 0.00; 0.00; 0.00; 0.00; 0.00; 0.00; 0.00; 0.00; 0.00; 0; 0.0017; 0.0001; 0.9960; 14.5351; 0.0006; 6.3344; 2.4937; 0.0001; 1.1218
13; 1.0000; 0.0000; 0.0000; 0.0000; 0.0891; -0.0535; 0.0062; 0.6139; 91.77; 5.85; 585.46; 91.77; 0.06; 585.46; 0.0000; 0.0000; 0.0000; 1.0000; 0.0000; 0.0000; 0.00; 0.00; 0.00; 0.00; 0.00; 0.00; 0.00; 0.00; 0.00; 0; -0.0072; 0.0001; 0.9952; 14.4788; 0.0006; 6.3375; 2.5011; 0.0001; 1.1192
14; 1.0000; 0.0000; 0.0000; 0.0000; 0.0891; -0.0417; 0.0060; 0.5960; 81.13; 4.52; 452.39; 81.13; 0.05; 452.39; 0.0000; 0.0000; 0.0000; 1.0000; 0.0000; 0.0000; 0.00; 0.00; 0.00; 0.00; 0.00; 0.00; 0.00; 0.00; 0.00; 0; 0.0185; 0.0001; 1.0115; 14.5135; 0.0006; 6.2769; 2.5030; 0.0001; 1.1209
15; 1.0000; 0.0000; 0.0000; 0.0000; 0.0891; -0.0257; 0.0060; 0.5934; 78.60; 6.10; 609.83; 78.60; 0.06; 609.83; 0.0000; 0.0000; 0.0000; 1.0000; 0.0000; 0.0000; 0.00; 0.00; 0.00; 0.00; 0.00; 0.00; 0.00; 0.00; 0.00; 0; 0.0054; 0.0001; 1.0075; 14.5162; 0.0006; 6.3388; 2.5027; 0.0001; 1.1241
16; 1.0000; 0.0000; 0.0000; 0.0000; 0.0891; -0.0158; 0.0060; 0.5939; 73.22; 6.90; 690.27; 73.22; 0.07; 690.27; 0.0000; 0.0000; 0.0000; 1.0000; 0.0000; 0.0000; 0.00; 0.00; 0.00; 0.00; 0.00; 0.00; 0.00; 0.00; 0.00; 0; 0.0057; 0.0001; 0.9930; 14.4762; 0.0006; 6.3470; 2.4975; 0.0001; 1.1242
17; 1.0000; 0.0000; 0.0000; 0.0000; 0.0891; -0.0154; 0.0059; 0.5905; 76.92; 14.17; 1416.78; 76.92; 0.14; 1416.78; 0.0000; 0.0000; 0.0000; 1.0000; 0.0000; 0.0000; 0.00; 0.00; 0.00; 0.00; 0.00; 0.00; 0.00; 0.00; 0.00; 0; -0.0065; 0.0001; 0.9998; 14.4464; 0.0006; 6.3188; 2.4956; 0.0001; 1.1161
18; 1.0000; 0.0000; 0.0000; 0.0000; 0.0891; -0.0119; 0.0059; 0.5842; 88.49; 28.13; 2812.74; 88.49; 0.28; 2812.74; 0.0000; 0.0000; 0.0000; 1.0000; 0.0000; 0.0000; 0.00; 0.00; 0.00; 0.00; 0.00; 0.00; 0.00; 0.00; 0.00; 0; -0.0060; 0.0001; 0.9976; 14.4043; 0.0006; 6.3442; 2.5029; 0.0001; 1.1197
19; 1.0000; 0.0000; 0.0000; 0.0000; 0.0891; -0.0180; 0.0059; 0.5897; 64.41; 5.62; 561.53; 64.41; 0.06; 561.53; 0.0000; 0.0000; 0.0000; 1.0000; 0.0000; 0.0000; 0.00; 0.00; 0.00; 0.00; 0.00; 0.00; 0.00; 0.00; 0.00; 0; -0.0001; 0.0001; 0.9929; 14.4737; 0.0006; 6.3309; 2.4949; 0.0001; 1.1254
20; 1.0000; 0.0000; 0.0000; 0.0000; 0.0891; -0.1866; 0.0062; 0.6086; 53.02; 6.48; 647.69; 53.02; 0.06; 647.69; 0.0000; 0.0000; 0.0000; 1.0000; 0.0000; 0.0000; 0.00; 0.00; 0.00; 0.00; 0.00; 0.00; 0.00; 0.00; 0.00; 0; 0.0101; 0.0001; 0.9951; 14.4894; 0.0006; 6.3849; 2.4825; 0.0001; 1.1235
21; 1.0000; 0.0000; 0.0000; 0.0000; 0.0891; -0.1185; 0.0061; 0.5986; 40.67; 1.90; 189.60; 40.67; 0.02; 189.60; 0.0000; 0.0000; 0.0000; 1.0000; 0.0000; 0.0000; 0.00; 0.00; 0.00; 0.00; 0.00; 0.00; 0.00; 0.00; 0.00; 0; 0.0028; 0.0001; 0.9973; 14.4628; 0.0006; 6.3242; 2.4956; 0.0001; 1.1190
22; 1.0000; 0.0000; 0.0000; 0.0000; 0.0891; -0.0600; 0.0059; 0.5815; 35.43; 0.47; 47.12; 35.43; 0.00; 47.12; 0.0000; 0.0000; 0.0000; 1.0000; 0.0000; 0.0000; 0.00; 0.00; 0.00; 0.00; 0.00; 0.00; 0.00; 0.00; 0.00; 0; 0.0042; 0.0001; 1.0187; 14.4544; 0.0006; 6.2940; 2.4950; 0.0001; 1.1272
23; 1.0000; 0.0000; 0.0000; 0.0000; 0.0891; -0.0355; 0.0059; 0.5740; 33.34; 0.41; 41.48; 33.34; 0.00; 41.48; 0.0000; 0.0000; 0.0000; 1.0000; 0.0000; 0.0000; 0.00; 0.00; 0.00; 0.00; 0.00; 0.00; 0.00; 0.00; 0.00; 0; -0.0086; 0.0001; 0.9810; 14.5288; 0.0006; 6.3419; 2.5020; 0.0001; 1.1204
24; 1.0000; 0.0000; 0.0000; 0.0000; 0.0891; -0.0250; 0.0058; 0.5679; 32.25; 0.38; 38.00; 32.25; 0.00; 38.00; 0.0000; 0.0000; 0.0000; 1.0000; 0.0000; 0.0000; 0.00; 0.00; 0.00; 0.00; 0.00; 0.00; 0.00; 0.00; 0.00; 0; -0.0006; 0.0001; 0.9956; 14.5187; 0.0006; 6.3470; 2.5045; 0.0001; 1.1121
25; 1.0000; 0.0000; 0.0000; 0.0000; 0.0891; -0.0178; 0.0058; 0.5667; 31.18; 0.26; 26.32; 31.18; 0.00; 26.32; 0.0000; 0.0000; 0.0000; 1.0000; 0.0000; 0.0000; 0.00; 0.00; 0.00; 0.00; 0.00; 0.00; 0.00; 0.00; 0.00; 0; -0.0048; 0.0001; 0.9980; 14.5487; 0.0006; 6.3418; 2.5048; 0.0001; 1.1131
26; 1.0000; 0.0000; 0.0000; 0.0000; 0.0891; -0.0026; 0.0058; 0.5619; 30.95; 0.24; 24.45; 30.95; 0.00; 24.45; 0.0000; 0.0000; 0.0000; 1.0000; 0.0000; 0.0000; 0.00; 0.00; 0.00; 0.00; 0.00; 0.00; 0.00; 0.00; 0.00; 0; -0.0050; 0.0001; 1.0036; 14.4814; 0.0006; 6.3488; 2.5038; 0.0001; 1.1166
27; 1.0000; 0.0000; 0.0000; 0.0000; 0.0891; -0.0130; 0.0058; 0.5654; 30.48; 0.22; 22.11; 30.48; 0.00; 22.11; 0.0000; 0.0000; 0.0000; 1.0000; 0.0000; 0.0000; 0.00; 0.00; 0.00; 0.00; 0.00; 0.00; 0.00; 0.00; 0.00; 0; 0.0166; 0.0001; 1.0027; 14.5309; 0.0006; 6.3017; 2.4897; 0.0001; 1.1261
28; 1.0000; 0.0000; 0.0000; 0.0000; 0.0891; -0.0047; 0.0058; 0.5692; 30.44; 0.23; 23.17; 30.44; 0.00; 23.17; 0.0000; 0.0000; 0.0000; 1.0000; 0.0000; 0.0000; 0.00; 0.00; 0.00; 0.00; 0.00; 0.00; 0.00; 0.00; 0.00; 0; -0.0009; 0.0001; 1.0016; 14.5065; 0.0006; 6.2966; 2.4881; 0.0001; 1.1200
29; 1.0000; 0.0000; 0.0000; 0.0000; 0.0891; 0.0055; 0.0058; 0.5678; 30.70; 0.24; 24.05; 30.70; 0.00; 24.05; 0.0000; 0.0000; 0.0000; 1.0000; 0.0000; 0.0000; 0.00; 0.00; 0.00; 0.00; 0.00; 0.00; 0.00; 0.00; 0.00; 0; -0.0012; 0.0001; 0.9951; 14.4977; 0.0006; 6.3095; 2.4969; 0.0001; 1.1223
30; 1.0000; 0.0000; 0.0000; 0.0000; 0.0891; -0.0041; 0.0058; 0.5626; 30.72; 0.25; 25.47; 30.72; 0.00; 25.47; 0.0000; 0.0000; 0.0000; 1.0000; 0.0000; 0.0000; 0.00; 0.00; 0.00; 0.00; 0.00; 0.00; 0.00; 0.00; 0.00; 0; -0.0179; 0.0001; 0.9923; 14.5434; 0.0006; 6.4060; 2.4998; 0.0001; 1.1214
31; 1.0000; 0.0000; 0.0000; 0.0000; 0.0891; -0.0105; 0.0058; 0.5646; 30.36; 0.24; 23.54; 30.36; 0.00; 23.54; 0.0000; 0.0000; 0.0000; 1.0000; 0.0000; 0.0000; 0.00; 0.00; 0.00; 0.00; 0.00; 0.00; 0.00; 0.00; 0.00; 0; 0.0155; 0.0001; 1.0077; 14.4436; 0.0006; 6.2975; 2.4816; 0.0001; 1.1267
32; 1.0000; 0.0000; 0.0000; 0.0000; 0.0891; -0.0042; 0.0057; 0.5616; 30.31; 0.21; 21.20; 30.31; 0.00; 21.20; 0.0000; 0.0000; 0.0000; 1.0000; 0.0000; 0.0000; 0.00; 0.00; 0.00; 0.00; 0.00; 0.00; 0.00; 0.00; 0.00; 0; -0.0134; 0.0001; 0.9872; 14.4872; 0.0006; 6.3265; 2.5068; 0.0001; 1.1203
33; 1.0000; 0.0000; 0.0000; 0.0000; 0.0891; 0.0014; 0.0058; 0.5634; 30.46; 0.21; 21.46; 30.46; 0.00; 21.46; 0.0000; 0.0000; 0.0000; 1.0000; 0.0000; 0.0000; 0.00; 0.00; 0.00; 0.00; 0.00; 0.00; 0.00; 0.00; 0.00; 0; 0.0022; 0.0001; 0.9948; 14.4039; 0.0006; 6.3156; 2.4982; 0.0001; 1.1176
34; 1.0000; 0.0000; 0.0000; 0.0000; 0.0891; -0.0047; 0.0058; 0.5645; 30.27; 0.21; 21.05; 30.27; 0.00; 21.05; 0.0000; 0.0000; 0.0000; 1.0000; 0.0000; 0.0000; 0.00; 0.00; 0.00; 0.00; 0.00; 0.00; 0.00; 0.00; 0.00; 0; -0.0126; 0.0001; 1.0069; 14.4691; 0.0006; 6.3802; 2.4869; 0.0001; 1.1183
35; 1.0000; 0.0000; 0.0000; 0.0000; 0.0891; -0.0025; 0.0058; 0.5666; 30.31; 0.22; 21.75; 30.31; 0.00; 21.75; 0.0000; 0.0000; 0.0000; 1.0000; 0.0000; 0.0000; 0.00; 0.00; 0.00; 0.00; 0.00; 0.00; 0.00; 0.00; 0.00; 0; -0.0053; 0.0001; 1.0095; 14.4889; 0.0006; 6.2657; 2.5039; 0.0001; 1.1140
36; 1.0000; 0.0000; 0.0000; 0.0000; 0.0891; -0.0041; 0.0058; 0.5669; 30.26; 0.22; 22.44; 30.26; 0.00; 22.44; 0.0000; 0.0000; 0.0000; 1.0000; 0.0000; 0.0000; 0.00; 0.00; 0.00; 0.00; 0.00; 0.00; 0.00; 0.00; 0.00; 0; 0.0218; 0.0001; 0.9897; 14.4184; 0.0006; 6.3151; 2.5078; 0.0001; 1.1174
37; 1.0000; 0.0000; 0.0000; 0.0000; 0.0891; 0.0022; 0.0058; 0.5667; 30.29; 0.21; 20.77; 30.29; 0.00; 20.77; 0.0000; 0.0000; 0.0000; 1.0000; 0.0000; 0.0000; 0.00; 0.00; 0.00; 0.00; 0.00; 0.00; 0.00; 0.00; 0.00; 0; 0.0038; 0.0001; 0.9955; 14.5887; 0.0006; 6.4138; 2.4878; 0.0001; 1.1224
38; 1.0000; 0.0000; 0.0000; 0.0000; 0.0891; -0.0036; 0.0058; 0.5640; 30.26; 0.21; 20.72; 30.26; 0.00; 20.72; 0.0000; 0.0000; 0.0000; 1.0000; 0.0000; 0.0000; 0.00; 0.00; 0.00; 0.00; 0.00; 0.00; 0.00; 0.00; 0.00; 0; -0.0027; 0.0001; 0.9936; 14.4936; 0.0006; 6.2886; 2.4944; 0.0001; 1.1154
39; 1.0000; 0.0000; 0.0000; 0.0000; 0.0891; -0.0044; 0.0057; 0.5588; 30.36; 0.22; 21.62; 30.36; 0.00; 21.62; 0.0000; 0.0000; 0.0000; 1.0000; 0.0000; 0.0000; 0.00; 0.00; 0.00; 0.00; 0.00; 0.00; 0.00; 0.00; 0.00; 0; -0.0078; 0.0001; 0.9989; 14.4860; 0.0006; 6.3282; 2.4911; 0.0001; 1.1180
40; 1.0000; 0.0000; 0.0000; 0.0000; 0.0891; -0.0058; 0.0058; 0.5691; 30.37; 0.21; 21.14; 30.37; 0.00; 21.14; 0.0000; 0.0000; 0.0000; 1.0000; 0.0000; 0.0000; 0.00; 0.00; 0.00; 0.00; 0.00; 0.00; 0.00; 0.00; 0.00; 0; 0.0008; 0.0001; 1.0033; 14.4528; 0.0006; 6.3422; 2.5039; 0.0001; 1.1172
41; 1.0000; 0.0000; 0.0000; 0.0000; 0.0891; 0.0028; 0.0058; 0.5655; 30.57; 0.22; 22.48; 30.57; 0.00; 22.48; 0.0000; 0.0000; 0.0000; 1.0000; 0.0000; 0.0000; 0.00; 0.00; 0.00; 0.00; 0.00; 0.00; 0.00; 0.00; 0.00; 0; -0.0083; 0.0001; 0.9900; 14.4601; 0.0006; 6.3500; 2.5063; 0.0001; 1.1184
42; 1.0000; 0.0000; 0.0000; 0.0000; 0.0891; -0.0050; 0.0058; 0.5682; 30.27; 0.21; 21.39; 30.27; 0.00; 21.39; 0.0000; 0.0000; 0.0000; 1.0000; 0.0000; 0.0000; 0.00; 0.00; 0.00; 0.00; 0.00; 0.00; 0.00; 0.00; 0.00; 0; 0.0078; 0.0001; 1.0054; 14.4739; 0.0006; 6.3430; 2.5046; 0.0001; 1.1211
43; 1.0000; 0.0000; 0.0000; 0.0000; 0.0891; 0.0017; 0.0058; 0.5633; 30.48; 0.25; 25.00; 30.48; 0.00; 25.00; 0.0000; 0.0000; 0.0000; 1.0000; 0.0000; 0.0000; 0.00; 0.00; 0.00; 0.00; 0.00; 0.00; 0.00; 0.00; 0.00; 0; -0.0008; 0.0001; 1.0117; 14.4963; 0.0006; 6.3147; 2.5040; 0.0001; 1.1154
44; 1.0000; 0.0000; 0.0000; 0.0000; 0.0891; -0.0089; 0.0058; 0.5629; 30.18; 0.21; 21.41; 30.18; 0.00; 21.41; 0.0000; 0.0000; 0.0000; 1.0000; 0.0000; 0.0000; 0.00; 0.00; 0.00; 0.00; 0.00; 0.00; 0.00; 0.00; 0.00; 0; 0.0012; 0.0001; 0.9966; 14.4464; 0.0006; 6.3814; 2.4913; 0.0001; 1.1202
45; 1.0000; 0.0000; 0.0000; 0.0000; 0.0891; -0.0015; 0.0058; 0.5656; 30.23; 0.21; 21.34; 30.23; 0.00; 21.34; 0.0000; 0.0000; 0.0000; 1.0000; 0.0000; 0.0000; 0.00; 0.00; 0.00; 0.00; 0.00; 0.00; 0.00; 0.00; 0.00; 0; 0.0245; 0.0001; 1.0163; 14.5651; 0.0006; 6.3516; 2.4946; 0.0001; 1.1255
46; 1.0000; 0.0000; 0.0000; 0.0000; 0.0891; 0.0019; 0.0058; 0.5652; 30.46; 0.22; 21.91; 30.46; 0.00; 21.91; 0.0000; 0.0000; 0.0000; 1.0000; 0.0000; 0.0000; 0.00; 0.00; 0.00; 0.00; 0.00; 0.00; 0.00; 0.00; 0.00; 0; -0.0058; 0.0001; 0.9979; 14.4071; 0.0006; 6.3646; 2.4906; 0.0001; 1.1200
47; 1.0000; 0.0000; 0.0000; 0.0000; 0.0891; -0.0087; 0.0058; 0.5688; 30.25; 0.21; 21.37; 30.25; 0.00; 21.37; 0.0000; 0.0000; 0.0000; 1.0000; 0.0000; 0.0000; 0.00; 0.00; 0.00; 0.00; 0.00; 0.00; 0.00; 0.00; 0.00; 0; -0.0129; 0.0001; 0.9995; 14.5754; 0.0006; 6.3346; 2.4964; 0.0001; 1.1163
48; 1.0000; 0.0000; 0.0000; 0.0000; 0.0891; 0.0075; 0.0057; 0.5608; 30.40; 0.21; 20.72; 30.40; 0.00; 20.72; 0.0000; 0.0000; 0.0000; 1.0000; 0.0000; 0.0000; 0.00; 0.00; 0.00; 0.00; 0.00; 0.00; 0.00; 0.00; 0.00; 0; -0.0060; 0.0001; 1.0077; 14.5501; 0.0006; 6.3651; 2.5047; 0.0001; 1.1138
49; 1.0000; 0.0000; 0.0000; 0.0000; 0.0891; 0.0007; 0.0058; 0.5641; 30.48; 0.21; 21.09; 30.48; 0.00; 21.09; 0.0000; 0.0000; 0.0000; 1.0000; 0.0000; 0.0000; 0.00; 0.00; 0.00; 0.00; 0.00; 0.00; 0.00; 0.00; 0.00; 0; -0.0103; 0.0001; 1.0081; 14.5088; 0.0006; 6.3574; 2.4956; 0.0001; 1.1149
50; 1.0000; 0.0000; 0.0000; 0.0000; 0.0891; -0.0044; 0.0057; 0.5576; 30.46; 0.21; 20.71; 30.46; 0.00; 20.71; 0.0000; 0.0000; 0.0000; 1.0000; 0.0000; 0.0000; 0.00; 0.00; 0.00; 0.00; 0.00; 0.00; 0.00; 0.00; 0.00; 0; -0.0034; 0.0001; 1.0024; 14.5512; 0.0006; 6.3319; 2.5183; 0.0001; 1.1182
Population 2: South Coast
0; 1.0000; 0.0000; 0.0000; 0.0000; 0.0891;      0;      0;      0; 110.00; 0.00; 0.00; 110.00; 0.00; 0.00; 0.0000; 0.0000; 0.0000; 1.0000; 0.0000; 0.0000; 0.00; 0.00; 0.00; 0.00; 0.00; 0.00; 0.00; 0.00; 0.00; 0; -0.0163; 0.0001; 0.9890; 14.6088; 0.0006; 6.3193; 2.4965; 0.0001; 1.1137
1; 1.0000; 0.0000; 0.0000; 0.0000; 0.0891; 0.1824; 0.0060; 0.5956; 153.72; 0.77; 76.69; 153.72; 0.01; 76.69; 0.0000; 0.0000; 0.0000; 1.0000; 0.0000; 0.0000; 0.00; 0.00; 0.00; 0.00; 0.00; 0.00; 0.00; 0.00; 0.00; 0; 0.0061; 0.0001; 1.0013; 14.4559; 0.0006; 6.3748; 2.5033; 0.0001; 1.1180
2; 0.9999; 0.0001; 0.0001; 0.0001; 0.0891; -0.0886; 0.0069; 0.6928; 170.08; 1.38; 138.35; 170.06; 0.01; 138.35; 0.0000; 0.0000; 0.0000; 1.0000; 0.0000; 0.0000; 0.00; 0.00; 0.00; 0.00; 0.00; 0.00; 2.00; 0.00; 0.00; 0; 0.0077; 0.0001; 0.9960; 14.5056; 0.0006; 6.3299; 2.4742; 0.0001; 1.1207
3; 0.9998; 0.0001; 0.0001; 0.0001; 0.0891; -0.1216; 0.0070; 0.7010; 179.70; 1.98; 198.18; 179.66; 0.02; 198.18; 0.0000; 0.0000; 0.0000; 1.0000; 0.0000; 0.0000; 0.00; 0.00; 0.00; 0.00; 0.00; 0.00; 2.50; 0.50; 0.71; 0; 0.0057; 0.0001; 0.9940; 14.5534; 0.0006; 6.3051; 2.4917; 0.0001; 1.1164
4; 0.9994; 0.0002; 0.0005; 0.0002; 0.0891; -0.1298; 0.0070; 0.7030; 188.56; 2.65; 264.79; 188.45; 0.03; 264.75; 0.0000; 0.0000; 0.0000; 1.0000; 0.0000; 0.0000; 0.00; 0.00; 0.00; 0.00; 0.00; 0.00; 3.57; 0.30; 0.79; 0; -0.0031; 0.0001; 0.9993; 14.4569; 0.0006; 6.3793; 2.5128; 0.0001; 1.1211
5; 0.9981; 0.0004; 0.0018; 0.0004; 0.0891; -0.2894; 0.0073; 0.7316; 166.98; 2.98; 298.21; 166.66; 0.03; 298.01; 0.0000; 0.0000; 0.0000; 1.0000; 0.0000; 0.0000; 0.00; 0.00; 0.00; 0.00; 0.00; 0.00; 4.60; 0.15; 0.76; 0; 0.0068; 0.0001; 0.9941; 14.3965; 0.0006; 6.3595; 2.4738; 0.0001; 1.1163
6; 0.9976; 0.0005; 0.0020; 0.0004; 0.0891; -0.2482; 0.0072; 0.7164; 149.24; 3.29; 329.03; 148.89; 0.03; 328.71; 0.0000; 0.0000; 0.0000; 1.0000; 0.0000; 0.0000; 0.00; 0.00; 0.00; 0.00; 0.00; 0.00; 5.22; 0.13; 0.90; 0; 0.0173; 0.0001; 0.9952; 14.5069; 0.0006; 6.3310; 2.4964; 0.0001; 1.1185
7; 0.9955; 0.0007; 0.0042; 0.0006; 0.0891; -0.2403; 0.0073; 0.7185; 130.65; 3.29; 328.04; 130.07; 0.03; 327.41; 0.0000; 0.0000; 0.0000; 1.0000; 0.0000; 0.0000; 0.00; 0.00; 0.00; 0.00; 0.00; 0.00; 6.08; 0.12; 1.10; 0; 0.0102; 0.0001; 0.9962; 14.5141; 0.0006; 6.3459; 2.4991; 0.0001; 1.1117
8; 0.9928; 0.0008; 0.0065; 0.0008; 0.0891; -0.2148; 0.0073; 0.7113; 114.34; 3.32; 331.28; 113.53; 0.03; 330.22; 0.0000; 0.0000; 0.0000; 1.0000; 0.0000; 0.0000; 0.00; 0.00; 0.00; 0.00; 0.00; 0.00; 6.90; 0.10; 1.26; 0; 0.0165; 0.0001; 1.0043; 14.5447; 0.0006; 6.3904; 2.4917; 0.0001; 1.1170
9; 0.9913; 0.0009; 0.0074; 0.0009; 0.0891; -0.2003; 0.0073; 0.7064; 96.70; 3.29; 327.72; 95.87; 0.03; 326.41; 0.0000; 0.0000; 0.0000; 1.0000; 0.0000; 0.0000; 0.00; 0.00; 0.00; 0.00; 0.00; 0.00; 7.59; 0.10; 1.43; 0; -0.0047; 0.0001; 0.9930; 14.5565; 0.0006; 6.3519; 2.4934; 0.0001; 1.1167
10; 0.9876; 0.0011; 0.0109; 0.0010; 0.0891; -0.1418; 0.0072; 0.6934; 86.71; 3.85; 382.98; 85.65; 0.04; 380.71; 0.0000; 0.0000; 0.0000; 1.0000; 0.0000; 0.0000; 0.00; 0.00; 0.00; 0.00; 0.00; 0.00; 8.37; 0.09; 1.63; 0; -0.0002; 0.0001; 1.0024; 14.5509; 0.0006; 6.2911; 2.4929; 0.0001; 1.1173
11; 0.9866; 0.0011; 0.0103; 0.0010; 0.0891; -0.1211; 0.0071; 0.6827; 72.99; 3.01; 298.98; 72.03; 0.03; 297.09; 0.0000; 0.0000; 0.0000; 1.0000; 0.0000; 0.0000; 0.00; 0.00; 0.00; 0.00; 0.00; 0.00; 8.99; 0.09; 1.81; 0; -0.0009; 0.0001; 0.9927; 14.4522; 0.0006; 6.3585; 2.5001; 0.0001; 1.1204
12; 0.9851; 0.0012; 0.0113; 0.0011; 0.0891; -0.0962; 0.0071; 0.6812; 64.06; 2.82; 279.52; 63.13; 0.03; 277.54; 0.0000; 0.0000; 0.0000; 1.0000; 0.0000; 0.0000; 0.00; 0.00; 0.00; 0.00; 0.00; 0.00; 9.61; 0.09; 2.02; 0; 0.0017; 0.0001; 0.9960; 14.5351; 0.0006; 6.3344; 2.4937; 0.0001; 1.1218
13; 0.9838; 0.0013; 0.0132; 0.0011; 0.0891; -0.0876; 0.0072; 0.6828; 54.73; 2.77; 275.22; 53.87; 0.03; 273.06; 0.0000; 0.0000; 0.0000; 1.0000; 0.0000; 0.0000; 0.00; 0.00; 0.00; 0.00; 0.00; 0.00; 10.26; 0.09; 2.26; 0; -0.0072; 0.0001; 0.9952; 14.4788; 0.0006; 6.3375; 2.5011; 0.0001; 1.1192
14; 0.9779; 0.0015; 0.0183; 0.0013; 0.0891; -0.0531; 0.0070; 0.6647; 47.98; 2.33; 230.81; 46.96; 0.02; 228.35; 0.0000; 0.0000; 0.0000; 1.0000; 0.0000; 0.0000; 0.00; 0.00; 0.00; 0.00; 0.00; 0.00; 11.05; 0.09; 2.52; 0; 0.0185; 0.0001; 1.0115; 14.5135; 0.0006; 6.2769; 2.5030; 0.0001; 1.1209
15; 0.9814; 0.0014; 0.0143; 0.0012; 0.0891; -0.0291; 0.0070; 0.6597; 43.19; 2.48; 246.01; 42.42; 0.02; 243.77; 0.0000; 0.0000; 0.0000; 1.0000; 0.0000; 0.0000; 0.00; 0.00; 0.00; 0.00; 0.00; 0.00; 11.61; 0.09; 2.71; 0; 0.0054; 0.0001; 1.0075; 14.5162; 0.0006; 6.3388; 2.5027; 0.0001; 1.1241
16; 0.9796; 0.0014; 0.0148; 0.0012; 0.0891; -0.0210; 0.0070; 0.6621; 39.01; 2.72; 268.78; 38.25; 0.03; 266.08; 0.0000; 0.0000; 0.0000; 1.0000; 0.0000; 0.0000; 0.00; 0.00; 0.00; 0.00; 0.00; 0.00; 12.17; 0.09; 2.92; 0; 0.0057; 0.0001; 0.9930; 14.4762; 0.0006; 6.3470; 2.4975; 0.0001; 1.1242
17; 0.9789; 0.0014; 0.0150; 0.0012; 0.0891; -0.0086; 0.0069; 0.6492; 34.52; 2.40; 237.33; 33.82; 0.02; 234.86; 0.0000; 0.0000; 0.0000; 1.0000; 0.0000; 0.0000; 0.00; 0.00; 0.00; 0.00; 0.00; 0.00; 12.73; 0.09; 3.15; 0; -0.0065; 0.0001; 0.9998; 14.4464; 0.0006; 6.3188; 2.4956; 0.0001; 1.1161
18; 0.9779; 0.0015; 0.0152; 0.0012; 0.0891; -0.0042; 0.0070; 0.6531; 30.23; 1.74; 172.55; 29.60; 0.02; 170.69; 0.0000; 0.0000; 0.0000; 1.0000; 0.0000; 0.0000; 0.00; 0.00; 0.00; 0.00; 0.00; 0.00; 13.28; 0.09; 3.39; 0; -0.0060; 0.0001; 0.9976; 14.4043; 0.0006; 6.3442; 2.5029; 0.0001; 1.1197
19; 0.9775; 0.0015; 0.0157; 0.0012; 0.0891; 0.0127; 0.0068; 0.6416; 27.38; 1.54; 151.84; 26.81; 0.02; 150.17; 0.0000; 0.0000; 0.0000; 1.0000; 0.0000; 0.0000; 0.00; 0.00; 0.00; 0.00; 0.00; 0.00; 13.83; 0.09; 3.64; 0; -0.0001; 0.0001; 0.9929; 14.4737; 0.0006; 6.3309; 2.4949; 0.0001; 1.1254
20; 0.9613; 0.0019; 0.0272; 0.0016; 0.0891; -0.2155; 0.0075; 0.6781; 19.85; 1.39; 136.53; 19.15; 0.01; 133.91; 0.0000; 0.0000; 0.0000; 1.0000; 0.0000; 0.0000; 0.00; 0.00; 0.00; 0.00; 0.00; 0.00; 14.72; 0.09; 4.00; 0; 0.0101; 0.0001; 0.9951; 14.4894; 0.0006; 6.3849; 2.4825; 0.0001; 1.1235
21; 0.9515; 0.0021; 0.0336; 0.0018; 0.0891; -0.1264; 0.0077; 0.6700; 14.17; 0.50; 49.17; 13.56; 0.00; 48.04; 0.0000; 0.0000; 0.0000; 1.0000; 0.0000; 0.0000; 0.00; 0.00; 0.00; 0.00; 0.00; 0.00; 15.67; 0.09; 4.32; 0; 0.0028; 0.0001; 0.9973; 14.4628; 0.0006; 6.3242; 2.4956; 0.0001; 1.1190
22; 0.9444; 0.0023; 0.0357; 0.0019; 0.0891; -0.0563; 0.0078; 0.6555; 11.37; 0.32; 31.05; 10.83; 0.00; 30.26; 0.0000; 0.0000; 0.0000; 1.0000; 0.0000; 0.0000; 0.00; 0.00; 0.00; 0.00; 0.00; 0.00; 16.55; 0.09; 4.57; 0; 0.0042; 0.0001; 1.0187; 14.4544; 0.0006; 6.2940; 2.4950; 0.0001; 1.1272
23; 0.9389; 0.0024; 0.0377; 0.0019; 0.0891; -0.0104; 0.0079; 0.6488; 9.72; 0.28; 27.19; 9.22; 0.00; 26.42; 0.0000; 0.0000; 0.0000; 1.0000; 0.0000; 0.0000; 0.00; 0.00; 0.00; 0.00; 0.00; 0.00; 17.37; 0.09; 4.78; 0; -0.0086; 0.0001; 0.9810; 14.5288; 0.0006; 6.3419; 2.5020; 0.0001; 1.1204
24; 0.9368; 0.0024; 0.0369; 0.0019; 0.0891; 0.0338; 0.0076; 0.6227; 8.96; 0.27; 25.71; 8.50; 0.00; 24.95; 0.0000; 0.0000; 0.0000; 1.0000; 0.0000; 0.0000; 0.00; 0.00; 0.00; 0.00; 0.00; 0.00; 18.10; 0.09; 4.96; 0; -0.0006; 0.0001; 0.9956; 14.5187; 0.0006; 6.3470; 2.5045; 0.0001; 1.1121
25; 0.9346; 0.0025; 0.0373; 0.0019; 0.0891; 0.0629; 0.0076; 0.6136; 8.36; 0.22; 20.85; 7.91; 0.00; 20.22; 0.0000; 0.0000; 0.0000; 1.0000; 0.0000; 0.0000; 0.00; 0.00; 0.00; 0.00; 0.00; 0.00; 18.80; 0.08; 5.14; 0; -0.0048; 0.0001; 0.9980; 14.5487; 0.0006; 6.3418; 2.5048; 0.0001; 1.1131
26; 0.9373; 0.0024; 0.0344; 0.0018; 0.0891; 0.0705; 0.0077; 0.6151; 7.82; 0.11; 10.18; 7.43; 0.00; 9.98; 0.0000; 0.0000; 0.0000; 1.0000; 0.0000; 0.0000; 0.00; 0.00; 0.00; 0.00; 0.00; 0.00; 19.41; 0.08; 5.32; 0; -0.0050; 0.0001; 1.0036; 14.4814; 0.0006; 6.3488; 2.5038; 0.0001; 1.1166
27; 0.9324; 0.0025; 0.0323; 0.0018; 0.0891; 0.0900; 0.0077; 0.6164; 7.66; 0.08; 7.90; 7.25; 0.00; 7.78; 0.0000; 0.0000; 0.0000; 1.0000; 0.0000; 0.0000; 0.00; 0.00; 0.00; 0.00; 0.00; 0.00; 19.97; 0.08; 5.49; 0; 0.0166; 0.0001; 1.0027; 14.5309; 0.0006; 6.3017; 2.4897; 0.0001; 1.1261
28; 0.9261; 0.0026; 0.0340; 0.0018; 0.0891; 0.0969; 0.0077; 0.6115; 7.61; 0.08; 7.76; 7.17; 0.00; 7.64; 0.0000; 0.0000; 0.0000; 1.0000; 0.0000; 0.0000; 0.00; 0.00; 0.00; 0.00; 0.00; 0.00; 20.55; 0.08; 5.68; 0; -0.0009; 0.0001; 1.0016; 14.5065; 0.0006; 6.2966; 2.4881; 0.0001; 1.1200
29; 0.9289; 0.0026; 0.0292; 0.0017; 0.0891; 0.1041; 0.0077; 0.6111; 7.49; 0.08; 7.54; 7.07; 0.00; 7.43; 0.0000; 0.0000; 0.0000; 1.0000; 0.0000; 0.0000; 0.00; 0.00; 0.00; 0.00; 0.00; 0.00; 21.05; 0.08; 5.86; 0; -0.0012; 0.0001; 0.9951; 14.4977; 0.0006; 6.3095; 2.4969; 0.0001; 1.1223
30; 0.9348; 0.0025; 0.0278; 0.0016; 0.0891; 0.0999; 0.0075; 0.6025; 7.41; 0.07; 6.81; 7.03; 0.00; 6.75; 0.0000; 0.0000; 0.0000; 1.0000; 0.0000; 0.0000; 0.00; 0.00; 0.00; 0.00; 0.00; 0.00; 21.52; 0.08; 6.04; 30; -0.0179; 0.0001; 0.9923; 14.5434; 0.0006; 6.4060; 2.4998; 0.0001; 1.1214
31; 0.9316; 0.0025; 0.0264; 0.0016; 0.0891; 0.1026; 0.0075; 0.5988; 7.39; 0.07; 6.34; 6.98; 0.00; 6.30; 0.0000; 0.0000; 0.0000; 1.0000; 0.0000; 0.0000; 0.00; 0.00; 0.00; 0.00; 0.00; 0.00; 21.97; 0.08; 6.23; 30; 0.0155; 0.0001; 1.0077; 14.4436; 0.0006; 6.2975; 2.4816; 0.0001; 1.1267
32; 0.9289; 0.0026; 0.0271; 0.0016; 0.0891; 0.0912; 0.0076; 0.6029; 7.31; 0.07; 6.64; 6.90; 0.00; 6.57; 0.0000; 0.0000; 0.0000; 1.0000; 0.0000; 0.0000; 0.00; 0.00; 0.00; 0.00; 0.00; 0.00; 22.44; 0.08; 6.44; 30; -0.0134; 0.0001; 0.9872; 14.4872; 0.0006; 6.3265; 2.5068; 0.0001; 1.1203
33; 0.9307; 0.0025; 0.0235; 0.0015; 0.0891; 0.1144; 0.0076; 0.6012; 7.38; 0.08; 7.40; 6.97; 0.00; 7.29; 0.0000; 0.0000; 0.0000; 1.0000; 0.0000; 0.0000; 0.00; 0.00; 0.00; 0.00; 0.00; 0.00; 22.85; 0.09; 6.64; 30; 0.0022; 0.0001; 0.9948; 14.4039; 0.0006; 6.3156; 2.4982; 0.0001; 1.1176
34; 0.9306; 0.0025; 0.0222; 0.0015; 0.0891; 0.1109; 0.0074; 0.5942; 7.39; 0.07; 6.41; 6.98; 0.00; 6.37; 0.0000; 0.0000; 0.0000; 1.0000; 0.0000; 0.0000; 0.00; 0.00; 0.00; 0.00; 0.00; 0.00; 23.24; 0.09; 6.84; 30; -0.0126; 0.0001; 1.0069; 14.4691; 0.0006; 6.3802; 2.4869; 0.0001; 1.1183
35; 0.9318; 0.0025; 0.0210; 0.0014; 0.0891; 0.1024; 0.0076; 0.6091; 7.38; 0.07; 6.43; 6.98; 0.00; 6.39; 0.0000; 0.0000; 0.0000; 1.0000; 0.0000; 0.0000; 0.00; 0.00; 0.00; 0.00; 0.00; 0.00; 23.62; 0.09; 7.04; 30; -0.0053; 0.0001; 1.0095; 14.4889; 0.0006; 6.2657; 2.5039; 0.0001; 1.1140
36; 0.9315; 0.0025; 0.0227; 0.0015; 0.0891; 0.0988; 0.0077; 0.6098; 7.31; 0.07; 6.55; 6.92; 0.00; 6.49; 0.0000; 0.0000; 0.0000; 1.0000; 0.0000; 0.0000; 0.00; 0.00; 0.00; 0.00; 0.00; 0.00; 24.04; 0.09; 7.27; 30; 0.0218; 0.0001; 0.9897; 14.4184; 0.0006; 6.3151; 2.5078; 0.0001; 1.1174
37; 0.9353; 0.0025; 0.0191; 0.0014; 0.0891; 0.1149; 0.0076; 0.6084; 7.30; 0.06; 6.10; 6.93; 0.00; 6.07; 0.0000; 0.0000; 0.0000; 1.0000; 0.0000; 0.0000; 0.00; 0.00; 0.00; 0.00; 0.00; 0.00; 24.40; 0.09; 7.48; 30; 0.0038; 0.0001; 0.9955; 14.5887; 0.0006; 6.4138; 2.4878; 0.0001; 1.1224
38; 0.9278; 0.0026; 0.0177; 0.0013; 0.0891; 0.1055; 0.0076; 0.6039; 7.34; 0.06; 6.02; 6.92; 0.00; 5.99; 0.0000; 0.0000; 0.0000; 1.0000; 0.0000; 0.0000; 0.00; 0.00; 0.00; 0.00; 0.00; 0.00; 24.74; 0.09; 7.68; 30; -0.0027; 0.0001; 0.9936; 14.4936; 0.0006; 6.2886; 2.4944; 0.0001; 1.1154
39; 0.9277; 0.0026; 0.0170; 0.0013; 0.0891; 0.1043; 0.0075; 0.6000; 7.40; 0.06; 6.15; 6.98; 0.00; 6.12; 0.0000; 0.0000; 0.0000; 1.0000; 0.0000; 0.0000; 0.00; 0.00; 0.00; 0.00; 0.00; 0.00; 25.08; 0.09; 7.90; 30; -0.0078; 0.0001; 0.9989; 14.4860; 0.0006; 6.3282; 2.4911; 0.0001; 1.1180
40; 0.9317; 0.0025; 0.0152; 0.0012; 0.0891; 0.0963; 0.0075; 0.6020; 7.29; 0.07; 6.28; 6.89; 0.00; 6.24; 0.0000; 0.0000; 0.0000; 1.0000; 0.0000; 0.0000; 0.00; 0.00; 0.00; 0.00; 0.00; 0.00; 25.38; 0.09; 8.10; 30; 0.0008; 0.0001; 1.0033; 14.4528; 0.0006; 6.3422; 2.5039; 0.0001; 1.1172
41; 0.9308; 0.0025; 0.0147; 0.0012; 0.0891; 0.1132; 0.0076; 0.6081; 7.32; 0.07; 6.54; 6.92; 0.00; 6.48; 0.0000; 0.0000; 0.0000; 1.0000; 0.0000; 0.0000; 0.00; 0.00; 0.00; 0.00; 0.00; 0.00; 25.69; 0.10; 8.30; 30; -0.0083; 0.0001; 0.9900; 14.4601; 0.0006; 6.3500; 2.5063; 0.0001; 1.1184
42; 0.9331; 0.0025; 0.0150; 0.0012; 0.0891; 0.0930; 0.0076; 0.6080; 7.24; 0.06; 5.95; 6.86; 0.00; 5.93; 0.0000; 0.0000; 0.0000; 1.0000; 0.0000; 0.0000; 0.00; 0.00; 0.00; 0.00; 0.00; 0.00; 26.01; 0.10; 8.52; 30; 0.0078; 0.0001; 1.0054; 14.4739; 0.0006; 6.3430; 2.5046; 0.0001; 1.1211
43; 0.9331; 0.0025; 0.0132; 0.0011; 0.0891; 0.1078; 0.0075; 0.5992; 7.28; 0.07; 6.49; 6.89; 0.00; 6.44; 0.0000; 0.0000; 0.0000; 1.0000; 0.0000; 0.0000; 0.00; 0.00; 0.00; 0.00; 0.00; 0.00; 26.29; 0.10; 8.73; 30; -0.0008; 0.0001; 1.0117; 14.4963; 0.0006; 6.3147; 2.5040; 0.0001; 1.1154
44; 0.9323; 0.0025; 0.0113; 0.0011; 0.0891; 0.0964; 0.0076; 0.6061; 7.28; 0.07; 6.66; 6.89; 0.00; 6.60; 0.0000; 0.0000; 0.0000; 1.0000; 0.0000; 0.0000; 0.00; 0.00; 0.00; 0.00; 0.00; 0.00; 26.54; 0.10; 8.92; 30; 0.0012; 0.0001; 0.9966; 14.4464; 0.0006; 6.3814; 2.4913; 0.0001; 1.1202
45; 0.9326; 0.0025; 0.0123; 0.0011; 0.0891; 0.1040; 0.0075; 0.6007; 7.20; 0.06; 5.87; 6.82; 0.00; 5.85; 0.0000; 0.0000; 0.0000; 1.0000; 0.0000; 0.0000; 0.00; 0.00; 0.00; 0.00; 0.00; 0.00; 26.83; 0.10; 9.13; 30; 0.0245; 0.0001; 1.0163; 14.5651; 0.0006; 6.3516; 2.4946; 0.0001; 1.1255
46; 0.9295; 0.0026; 0.0124; 0.0011; 0.0891; 0.1035; 0.0075; 0.6003; 7.24; 0.06; 5.75; 6.84; 0.00; 5.74; 0.0000; 0.0000; 0.0000; 1.0000; 0.0000; 0.0000; 0.00; 0.00; 0.00; 0.00; 0.00; 0.00; 27.12; 0.10; 9.36; 30; -0.0058; 0.0001; 0.9979; 14.4071; 0.0006; 6.3646; 2.4906; 0.0001; 1.1200
47; 0.9321; 0.0025; 0.0101; 0.0010; 0.0891; 0.1099; 0.0076; 0.6077; 7.25; 0.06; 5.76; 6.87; 0.00; 5.75; 0.0000; 0.0000; 0.0000; 1.0000; 0.0000; 0.0000; 0.00; 0.00; 0.00; 0.00; 0.00; 0.00; 27.36; 0.11; 9.56; 30; -0.0129; 0.0001; 0.9995; 14.5754; 0.0006; 6.3346; 2.4964; 0.0001; 1.1163
48; 0.9305; 0.0025; 0.0101; 0.0010; 0.0891; 0.1111; 0.0075; 0.5956; 7.39; 0.07; 6.42; 6.99; 0.00; 6.37; 0.0000; 0.0000; 0.0000; 1.0000; 0.0000; 0.0000; 0.00; 0.00; 0.00; 0.00; 0.00; 0.00; 27.61; 0.11; 9.76; 30; -0.0060; 0.0001; 1.0077; 14.5501; 0.0006; 6.3651; 2.5047; 0.0001; 1.1138
49; 0.9320; 0.0025; 0.0091; 0.0009; 0.0891; 0.1004; 0.0076; 0.6096; 7.28; 0.06; 5.75; 6.89; 0.00; 5.75; 0.0000; 0.0000; 0.0000; 1.0000; 0.0000; 0.0000; 0.00; 0.00; 0.00; 0.00; 0.00; 0.00; 27.84; 0.11; 9.96; 30; -0.0103; 0.0001; 1.0081; 14.5088; 0.0006; 6.3574; 2.4956; 0.0001; 1.1149
50; 0.9289; 0.0026; 0.0099; 0.0010; 0.0891; 0.1075; 0.0075; 0.5984; 7.36; 0.06; 6.13; 6.95; 0.00; 6.09; 0.0000; 0.0000; 0.0000; 1.0000; 0.0000; 0.0000; 0.00; 0.00; 0.00; 0.00; 0.00; 0.00; 28.09; 0.11; 10.18; 30; -0.0034; 0.0001; 1.0024; 14.5512; 0.0006; 6.3319; 2.5183; 0.0001; 1.1182
Population 3: RWA
0; 1.0000; 0.0000; 0.0000; 0.0000; 0.5247;      0;      0;      0; 0.00; 0.00; 0.00; 0.00; 0.00; 0.00; 0.0000; 0.0000; 0.0000; 1.0000; 0.0000; 0.0000; 0.00; 0.00; 0.00; 0.00; 0.00; 0.00; 0.00; 0.00; 0.00; 0; -0.0163; 0.0001; 0.9890; 14.6088; 0.0006; 6.3193; 2.4965; 0.0001; 1.1137
1; 0.0000; 0.0000; 1.0000; 0.0000; 0.5247;      0;      0;      0; 0.00; 0.00; 0.00; 0.00; 0.00; 0.00; 0.0000; 0.0000; 0.0000; 1.0000; 0.0000; 0.0000; 0.00; 0.00; 0.00; 0.00; 0.00; 0.00; 1.00; 0.00; 0.00; 1; 0.0061; 0.0001; 1.0013; 14.4559; 0.0006; 6.3748; 2.5033; 0.0001; 1.1180
2; 0.0000; 0.0000; 0.0000; 0.0000; 0.5247;      0;      0;      0; 0.00; 0.00; 0.00; 0.00; 0.00; 0.00; 0.0000; 0.0000; 0.0000; 1.0000; 0.0000; 0.0000; 0.00; 0.00; 0.00; 0.00; 0.00; 0.00; 1.00; 0.00; 0.00; 1; 0.0077; 0.0001; 0.9960; 14.5056; 0.0006; 6.3299; 2.4742; 0.0001; 1.1207
3; 0.0002; 0.0001; 0.0000; 0.0000; 0.5247;      0;      0;      0; 119.50; 9.50; 13.44; 0.02; 0.00; 1.70; 0.0000; 0.0000; 0.0000; 1.0000; 0.0000; 0.0000; 0.00; 0.00; 0.00; 0.00; 0.00; 0.00; 1.00; 0.00; 0.00; 1; 0.0057; 0.0001; 0.9940; 14.5534; 0.0006; 6.3051; 2.4917; 0.0001; 1.1164
4; 0.0035; 0.0006; 0.0000; 0.0000; 0.5247; 0.3586; 0.5593; 0.7909; 97.49; 8.45; 50.02; 0.34; 0.00; 6.45; 0.0000; 0.0000; 0.0000; 1.0000; 0.0000; 0.0000; 0.00; 0.00; 0.00; 0.00; 0.00; 0.00; 1.00; 0.00; 0.00; 1; -0.0031; 0.0001; 0.9993; 14.4569; 0.0006; 6.3793; 2.5128; 0.0001; 1.1211
5; 0.0060; 0.0008; 0.0000; 0.0000; 0.5247; 0.7756; 0.0920; 0.5444; 191.22; 18.28; 141.58; 1.15; 0.00; 18.34; 0.0000; 0.0000; 0.0000; 1.0000; 0.0000; 0.0000; 0.00; 0.00; 0.00; 0.00; 0.00; 0.00; 1.00; 0.00; 0.00; 1; 0.0068; 0.0001; 0.9941; 14.3965; 0.0006; 6.3595; 2.4738; 0.0001; 1.1163
6; 0.0099; 0.0010; 0.0000; 0.0000; 0.5247; 0.6427; 0.0589; 0.4562; 272.94; 27.00; 268.65; 2.70; 0.00; 37.92; 0.0000; 0.0000; 0.0000; 1.0000; 0.0000; 0.0000; 0.00; 0.00; 0.00; 0.00; 0.00; 0.00; 1.00; 0.00; 0.00; 1; 0.0173; 0.0001; 0.9952; 14.5069; 0.0006; 6.3310; 2.4964; 0.0001; 1.1185
7; 0.0120; 0.0011; 0.0000; 0.0000; 0.5247; 0.6222; 0.0497; 0.4943; 469.08; 47.26; 517.66; 5.63; 0.01; 76.15; 0.0000; 0.0000; 0.0000; 1.0000; 0.0000; 0.0000; 0.00; 0.00; 0.00; 0.00; 0.00; 0.00; 1.00; 0.00; 0.00; 1; 0.0102; 0.0001; 0.9962; 14.5141; 0.0006; 6.3459; 2.4991; 0.0001; 1.1117
8; 0.0147; 0.0012; 0.0000; 0.0000; 0.5247; 0.5142; 0.0427; 0.4679; 706.34; 75.39; 914.00; 10.38; 0.01; 139.37; 0.0000; 0.0000; 0.0000; 1.0000; 0.0000; 0.0000; 0.00; 0.00; 0.00; 0.00; 0.00; 0.00; 1.00; 0.00; 0.00; 1; 0.0165; 0.0001; 1.0043; 14.5447; 0.0006; 6.3904; 2.4917; 0.0001; 1.1170
9; 0.0170; 0.0013; 0.0000; 0.0000; 0.5247; 0.4650; 0.0395; 0.4786; 1040.26; 121.07; 1578.62; 17.68; 0.02; 245.37; 0.0000; 0.0000; 0.0000; 1.0000; 0.0000; 0.0000; 0.00; 0.00; 0.00; 0.00; 0.00; 0.00; 1.00; 0.00; 0.00; 1; -0.0047; 0.0001; 0.9930; 14.5565; 0.0006; 6.3519; 2.4934; 0.0001; 1.1167
10; 0.0186; 0.0014; 0.0000; 0.0000; 0.5247; 0.5436; 0.0305; 0.3982; 1694.72; 194.93; 2658.51; 31.52; 0.04; 428.02; 0.0000; 0.0000; 0.0000; 1.0000; 0.0000; 0.0000; 0.00; 0.00; 0.00; 0.00; 0.00; 0.00; 1.00; 0.00; 0.00; 1; -0.0002; 0.0001; 1.0024; 14.5509; 0.0006; 6.2911; 2.4929; 0.0001; 1.1173
11; 0.0193; 0.0014; 0.0000; 0.0000; 0.5247; 0.4935; 0.0343; 0.4677; 2952.65; 366.31; 5088.98; 56.99; 0.08; 813.83; 0.0000; 0.0000; 0.0000; 1.0000; 0.0000; 0.0000; 0.00; 0.00; 0.00; 0.00; 0.00; 0.00; 1.00; 0.00; 0.00; 1; -0.0009; 0.0001; 0.9927; 14.4522; 0.0006; 6.3585; 2.5001; 0.0001; 1.1204
12; 0.0200; 0.0014; 0.0000; 0.0000; 0.5247; 0.4043; 0.0351; 0.4880; 4540.84; 593.61; 8394.93; 90.82; 0.13; 1344.16; 0.0000; 0.0000; 0.0000; 1.0000; 0.0000; 0.0000; 0.00; 0.00; 0.00; 0.00; 0.00; 0.00; 1.00; 0.00; 0.00; 1; 0.0017; 0.0001; 0.9960; 14.5351; 0.0006; 6.3344; 2.4937; 0.0001; 1.1218
13; 0.0207; 0.0014; 0.0000; 0.0000; 0.5247; 0.4419; 0.0317; 0.4481; 6642.10; 770.40; 11084.07; 137.49; 0.19; 1850.81; 0.0000; 0.0000; 0.0000; 1.0000; 0.0000; 0.0000; 0.00; 0.00; 0.00; 0.00; 0.00; 0.00; 1.00; 0.00; 0.00; 1; -0.0072; 0.0001; 0.9952; 14.4788; 0.0006; 6.3375; 2.5011; 0.0001; 1.1192
14; 0.0214; 0.0014; 0.0000; 0.0000; 0.5247; 0.5018; 0.0304; 0.4375; 12079.22; 1642.57; 24028.77; 258.50; 0.39; 3918.59; 0.0000; 0.0000; 0.0000; 1.0000; 0.0000; 0.0000; 0.00; 0.00; 0.00; 0.00; 0.00; 0.00; 1.00; 0.00; 0.00; 1; 0.0185; 0.0001; 1.0115; 14.5135; 0.0006; 6.2769; 2.5030; 0.0001; 1.1209
15; 0.0216; 0.0015; 0.0000; 0.0000; 0.5247; 0.4475; 0.0299; 0.4380; 20239.35; 2978.62; 43776.60; 437.17; 0.71; 7061.47; 0.0000; 0.0000; 0.0000; 1.0000; 0.0000; 0.0000; 0.00; 0.00; 0.00; 0.00; 0.00; 0.00; 1.00; 0.00; 0.00; 1; 0.0054; 0.0001; 1.0075; 14.5162; 0.0006; 6.3388; 2.5027; 0.0001; 1.1241
16; 0.0219; 0.0015; 0.0000; 0.0000; 0.5247; 0.4856; 0.0308; 0.4529; 37640.65; 6963.72; 103053.67; 824.33; 1.62; 16183.09; 0.0000; 0.0000; 0.0000; 1.0000; 0.0000; 0.0000; 0.00; 0.00; 0.00; 0.00; 0.00; 0.00; 1.00; 0.00; 0.00; 1; 0.0057; 0.0001; 0.9930; 14.4762; 0.0006; 6.3470; 2.4975; 0.0001; 1.1242
17; 0.0221; 0.0015; 0.0000; 0.0000; 0.5247; 0.4382; 0.0334; 0.4949; 65636.65; 11368.87; 169010.39; 1450.57; 2.69; 26862.57; 0.0000; 0.0000; 0.0000; 1.0000; 0.0000; 0.0000; 0.00; 0.00; 0.00; 0.00; 0.00; 0.00; 1.00; 0.00; 0.00; 1; -0.0065; 0.0001; 0.9998; 14.4464; 0.0006; 6.3188; 2.4956; 0.0001; 1.1161
18; 0.0223; 0.0015; 0.0000; 0.0000; 0.5247; 0.4797; 0.0297; 0.4422; 121311.09; 22747.46; 339692.01; 2705.24; 5.37; 53691.88; 0.0000; 0.0000; 0.0000; 1.0000; 0.0000; 0.0000; 0.00; 0.00; 0.00; 0.00; 0.00; 0.00; 1.00; 0.00; 0.00; 1; -0.0060; 0.0001; 0.9976; 14.4043; 0.0006; 6.3442; 2.5029; 0.0001; 1.1197
19; 0.0226; 0.0015; 0.0000; 0.0000; 0.5247; 0.4160; 0.0300; 0.4475; 200300.54; 42521.24; 639234.38; 4526.79; 10.04; 100405.17; 0.0000; 0.0000; 0.0000; 1.0000; 0.0000; 0.0000; 0.00; 0.00; 0.00; 0.00; 0.00; 0.00; 1.00; 0.00; 0.00; 1; -0.0001; 0.0001; 0.9929; 14.4737; 0.0006; 6.3309; 2.4949; 0.0001; 1.1254
20; 0.0226; 0.0015; 0.0000; 0.0000; 0.5247; 0.4370; 0.0347; 0.5209; 294805.29; 60574.54; 910635.06; 6662.60; 14.35; 143457.67; 0.0000; 0.0000; 0.0000; 1.0000; 0.0000; 0.0000; 0.00; 0.00; 0.00; 0.00; 0.00; 0.00; 1.00; 0.00; 0.00; 1; 0.0101; 0.0001; 0.9951; 14.4894; 0.0006; 6.3849; 2.4825; 0.0001; 1.1235
21; 0.0226; 0.0015; 0.0000; 0.0000; 0.5247; 0.4452; 0.0271; 0.4081; 462244.11; 81143.90; 1219860.25; 10446.72; 19.55; 195460.86; 0.0000; 0.0000; 0.0000; 1.0000; 0.0000; 0.0000; 0.00; 0.00; 0.00; 0.00; 0.00; 0.00; 1.00; 0.00; 0.00; 1; 0.0028; 0.0001; 0.9973; 14.4628; 0.0006; 6.3242; 2.4956; 0.0001; 1.1190
22; 0.0226; 0.0015; 0.0000; 0.0000; 0.5247; 0.4322; 0.0310; 0.4667; 721700.69; 122028.13; 1834484.98; 16310.44; 29.54; 295354.00; 0.0000; 0.0000; 0.0000; 1.0000; 0.0000; 0.0000; 0.00; 0.00; 0.00; 0.00; 0.00; 0.00; 1.00; 0.00; 0.00; 1; 0.0042; 0.0001; 1.0187; 14.4544; 0.0006; 6.2940; 2.4950; 0.0001; 1.1272
23; 0.0226; 0.0015; 0.0000; 0.0000; 0.5247; 0.4466; 0.0274; 0.4126; 1061500.93; 159658.58; 2400194.79; 23989.92; 39.31; 393098.33; 0.0000; 0.0000; 0.0000; 1.0000; 0.0000; 0.0000; 0.00; 0.00; 0.00; 0.00; 0.00; 0.00; 1.00; 0.00; 0.00; 1; -0.0086; 0.0001; 0.9810; 14.5288; 0.0006; 6.3419; 2.5020; 0.0001; 1.1204
24; 0.0226; 0.0015; 0.0000; 0.0000; 0.5247; 0.4398; 0.0295; 0.4432; 1428736.81; 181461.06; 2727957.88; 32289.45; 46.10; 461032.80; 0.0000; 0.0000; 0.0000; 1.0000; 0.0000; 0.0000; 0.00; 0.00; 0.00; 0.00; 0.00; 0.00; 1.00; 0.00; 0.00; 1; -0.0006; 0.0001; 0.9956; 14.5187; 0.0006; 6.3470; 2.5045; 0.0001; 1.1121
25; 0.0226; 0.0015; 0.0000; 0.0000; 0.5247; 0.4123; 0.0285; 0.4289; 1849388.72; 215770.12; 3243736.10; 41796.19; 55.89; 558858.43; 0.0000; 0.0000; 0.0000; 1.0000; 0.0000; 0.0000; 0.00; 0.00; 0.00; 0.00; 0.00; 0.00; 1.00; 0.00; 0.00; 1; -0.0048; 0.0001; 0.9980; 14.5487; 0.0006; 6.3418; 2.5048; 0.0001; 1.1131
26; 0.0226; 0.0015; 0.0000; 0.0000; 0.5247; 0.4040; 0.0277; 0.4168; 2275342.30; 230976.31; 3472335.34; 51422.74; 62.10; 621034.32; 0.0000; 0.0000; 0.0000; 1.0000; 0.0000; 0.0000; 0.00; 0.00; 0.00; 0.00; 0.00; 0.00; 1.00; 0.00; 0.00; 1; -0.0050; 0.0001; 1.0036; 14.4814; 0.0006; 6.3488; 2.5038; 0.0001; 1.1166
27; 0.0226; 0.0015; 0.0000; 0.0000; 0.5247; 0.3882; 0.0336; 0.5056; 2743431.02; 245538.34; 3691250.67; 62001.54; 68.77; 687655.44; 0.0000; 0.0000; 0.0000; 1.0000; 0.0000; 0.0000; 0.00; 0.00; 0.00; 0.00; 0.00; 0.00; 1.00; 0.00; 0.00; 1; 0.0166; 0.0001; 1.0027; 14.5309; 0.0006; 6.3017; 2.4897; 0.0001; 1.1261
28; 0.0226; 0.0015; 0.0000; 0.0000; 0.5247; 0.4451; 0.0292; 0.4394; 3389274.17; 276198.73; 4152177.33; 76597.60; 80.11; 801074.41; 0.0000; 0.0000; 0.0000; 1.0000; 0.0000; 0.0000; 0.00; 0.00; 0.00; 0.00; 0.00; 0.00; 1.00; 0.00; 0.00; 1; -0.0009; 0.0001; 1.0016; 14.5065; 0.0006; 6.2966; 2.4881; 0.0001; 1.1200
29; 0.0226; 0.0015; 0.0000; 0.0000; 0.5247; 0.4113; 0.0300; 0.4515; 3907240.07; 287065.83; 4315545.72; 88303.63; 86.97; 869678.16; 0.0000; 0.0000; 0.0000; 1.0000; 0.0000; 0.0000; 0.00; 0.00; 0.00; 0.00; 0.00; 0.00; 1.00; 0.00; 0.00; 1; -0.0012; 0.0001; 0.9951; 14.4977; 0.0006; 6.3095; 2.4969; 0.0001; 1.1223
30; 0.0226; 0.0015; 0.0000; 0.0000; 0.5247; 0.4687; 0.0298; 0.4482; 4632484.21; 297080.26; 4466095.58; 104694.14; 96.07; 960682.37; 0.0000; 0.0000; 0.0000; 1.0000; 0.0000; 0.0000; 0.00; 0.00; 0.00; 0.00; 0.00; 0.00; 1.00; 0.00; 0.00; 1; -0.0179; 0.0001; 0.9923; 14.5434; 0.0006; 6.4060; 2.4998; 0.0001; 1.1214
31; 0.0226; 0.0015; 0.0000; 0.0000; 0.5247; 0.5011; 0.0252; 0.3787; 5330568.46; 305520.86; 4592985.58; 120470.85; 105.00; 1049963.92; 0.0000; 0.0000; 0.0000; 1.0000; 0.0000; 0.0000; 0.00; 0.00; 0.00; 0.00; 0.00; 0.00; 1.00; 0.00; 0.00; 1; 0.0155; 0.0001; 1.0077; 14.4436; 0.0006; 6.2975; 2.4816; 0.0001; 1.1267
32; 0.0226; 0.0015; 0.0000; 0.0000; 0.5247; 0.4423; 0.0292; 0.4392; 5973089.74; 306676.68; 4610361.39; 134991.83; 112.54; 1125375.22; 0.0000; 0.0000; 0.0000; 1.0000; 0.0000; 0.0000; 0.00; 0.00; 0.00; 0.00; 0.00; 0.00; 1.00; 0.00; 0.00; 1; -0.0134; 0.0001; 0.9872; 14.4872; 0.0006; 6.3265; 2.5068; 0.0001; 1.1203
33; 0.0226; 0.0015; 0.0000; 0.0000; 0.5247; 0.4428; 0.0313; 0.4707; 6515111.57; 299720.99; 4505794.41; 147241.52; 118.09; 1180912.13; 0.0000; 0.0000; 0.0000; 1.0000; 0.0000; 0.0000; 0.00; 0.00; 0.00; 0.00; 0.00; 0.00; 1.00; 0.00; 0.00; 1; 0.0022; 0.0001; 0.9948; 14.4039; 0.0006; 6.3156; 2.4982; 0.0001; 1.1176
34; 0.0226; 0.0015; 0.0000; 0.0000; 0.5247; 0.4059; 0.0321; 0.4821; 6963003.00; 293567.78; 4413291.43; 157363.87; 122.86; 1228555.38; 0.0000; 0.0000; 0.0000; 1.0000; 0.0000; 0.0000; 0.00; 0.00; 0.00; 0.00; 0.00; 0.00; 1.00; 0.00; 0.00; 1; -0.0126; 0.0001; 1.0069; 14.4691; 0.0006; 6.3802; 2.4869; 0.0001; 1.1183
35; 0.0226; 0.0015; 0.0000; 0.0000; 0.5247; 0.4805; 0.0262; 0.3943; 7605052.77; 288064.27; 4330555.57; 171874.19; 130.37; 1303725.45; 0.0000; 0.0000; 0.0000; 1.0000; 0.0000; 0.0000; 0.00; 0.00; 0.00; 0.00; 0.00; 0.00; 1.00; 0.00; 0.00; 1; -0.0053; 0.0001; 1.0095; 14.4889; 0.0006; 6.2657; 2.5039; 0.0001; 1.1140
36; 0.0226; 0.0015; 0.0000; 0.0000; 0.5247; 0.4368; 0.0301; 0.4529; 8012464.87; 277319.92; 4169032.51; 181081.71; 134.51; 1345128.20; 0.0000; 0.0000; 0.0000; 1.0000; 0.0000; 0.0000; 0.00; 0.00; 0.00; 0.00; 0.00; 0.00; 1.00; 0.00; 0.00; 1; 0.0218; 0.0001; 0.9897; 14.4184; 0.0006; 6.3151; 2.5078; 0.0001; 1.1174
37; 0.0226; 0.0015; 0.0000; 0.0000; 0.5247; 0.4588; 0.0297; 0.4465; 8247610.58; 260448.01; 3915392.16; 186396.00; 135.93; 1359299.29; 0.0000; 0.0000; 0.0000; 1.0000; 0.0000; 0.0000; 0.00; 0.00; 0.00; 0.00; 0.00; 0.00; 1.00; 0.00; 0.00; 1; 0.0038; 0.0001; 0.9955; 14.5887; 0.0006; 6.4138; 2.4878; 0.0001; 1.1224
38; 0.0226; 0.0015; 0.0000; 0.0000; 0.5247; 0.4711; 0.0304; 0.4568; 8520223.16; 243566.93; 3661613.82; 192557.04; 138.04; 1380365.23; 0.0000; 0.0000; 0.0000; 1.0000; 0.0000; 0.0000; 0.00; 0.00; 0.00; 0.00; 0.00; 0.00; 1.00; 0.00; 0.00; 1; -0.0027; 0.0001; 0.9936; 14.4936; 0.0006; 6.2886; 2.4944; 0.0001; 1.1154
39; 0.0226; 0.0015; 0.0000; 0.0000; 0.5247; 0.4448; 0.0310; 0.4667; 8821247.61; 229242.23; 3446266.34; 199360.20; 140.94; 1409356.84; 0.0000; 0.0000; 0.0000; 1.0000; 0.0000; 0.0000; 0.00; 0.00; 0.00; 0.00; 0.00; 0.00; 1.00; 0.00; 0.00; 1; -0.0078; 0.0001; 0.9989; 14.4860; 0.0006; 6.3282; 2.4911; 0.0001; 1.1180
40; 0.0226; 0.0015; 0.0000; 0.0000; 0.5247; 0.4640; 0.0254; 0.3815; 9245198.33; 220881.78; 3320581.20; 208941.48; 146.16; 1461626.96; 0.0000; 0.0000; 0.0000; 1.0000; 0.0000; 0.0000; 0.00; 0.00; 0.00; 0.00; 0.00; 0.00; 1.00; 0.00; 0.00; 1; 0.0008; 0.0001; 1.0033; 14.4528; 0.0006; 6.3422; 2.5039; 0.0001; 1.1172
41; 0.0226; 0.0015; 0.0000; 0.0000; 0.5247; 0.4351; 0.0262; 0.3936; 9520204.70; 207940.71; 3126034.29; 215156.63; 149.07; 1490683.40; 0.0000; 0.0000; 0.0000; 1.0000; 0.0000; 0.0000; 0.00; 0.00; 0.00; 0.00; 0.00; 0.00; 1.00; 0.00; 0.00; 1; -0.0083; 0.0001; 0.9900; 14.4601; 0.0006; 6.3500; 2.5063; 0.0001; 1.1184
42; 0.0226; 0.0015; 0.0000; 0.0000; 0.5247; 0.4252; 0.0299; 0.4497; 9462204.67; 202787.96; 3048571.55; 213845.83; 147.89; 1478868.44; 0.0000; 0.0000; 0.0000; 1.0000; 0.0000; 0.0000; 0.00; 0.00; 0.00; 0.00; 0.00; 0.00; 1.00; 0.00; 0.00; 1; 0.0078; 0.0001; 1.0054; 14.4739; 0.0006; 6.3430; 2.5046; 0.0001; 1.1211
43; 0.0226; 0.0015; 0.0000; 0.0000; 0.5247; 0.5412; 0.0263; 0.3947; 9774825.75; 183687.90; 2761434.70; 220911.06; 151.08; 1510750.78; 0.0000; 0.0000; 0.0000; 1.0000; 0.0000; 0.0000; 0.00; 0.00; 0.00; 0.00; 0.00; 0.00; 1.00; 0.00; 0.00; 1; -0.0008; 0.0001; 1.0117; 14.4963; 0.0006; 6.3147; 2.5040; 0.0001; 1.1154
44; 0.0226; 0.0015; 0.0000; 0.0000; 0.5247; 0.4213; 0.0306; 0.4598; 9661557.38; 186931.02; 2810189.42; 218351.20; 149.66; 1496611.36; 0.0000; 0.0000; 0.0000; 1.0000; 0.0000; 0.0000; 0.00; 0.00; 0.00; 0.00; 0.00; 0.00; 1.00; 0.00; 0.00; 1; 0.0012; 0.0001; 0.9966; 14.4464; 0.0006; 6.3814; 2.4913; 0.0001; 1.1202
45; 0.0226; 0.0015; 0.0000; 0.0000; 0.5247; 0.4189; 0.0298; 0.4482; 9641597.05; 178445.34; 2682621.66; 217900.09; 148.85; 1488477.86; 0.0000; 0.0000; 0.0000; 1.0000; 0.0000; 0.0000; 0.00; 0.00; 0.00; 0.00; 0.00; 0.00; 1.00; 0.00; 0.00; 1; 0.0245; 0.0001; 1.0163; 14.5651; 0.0006; 6.3516; 2.4946; 0.0001; 1.1255
46; 0.0226; 0.0015; 0.0000; 0.0000; 0.5247; 0.4300; 0.0275; 0.4136; 9753042.13; 165392.64; 2486396.64; 220418.75; 149.68; 1496827.24; 0.0000; 0.0000; 0.0000; 1.0000; 0.0000; 0.0000; 0.00; 0.00; 0.00; 0.00; 0.00; 0.00; 1.00; 0.00; 0.00; 1; -0.0058; 0.0001; 0.9979; 14.4071; 0.0006; 6.3646; 2.4906; 0.0001; 1.1200
47; 0.0226; 0.0015; 0.0000; 0.0000; 0.5247; 0.3949; 0.0305; 0.4586; 9788873.42; 167420.98; 2516889.16; 221228.54; 150.31; 1503127.90; 0.0000; 0.0000; 0.0000; 1.0000; 0.0000; 0.0000; 0.00; 0.00; 0.00; 0.00; 0.00; 0.00; 1.00; 0.00; 0.00; 1; -0.0129; 0.0001; 0.9995; 14.5754; 0.0006; 6.3346; 2.4964; 0.0001; 1.1163
48; 0.0226; 0.0015; 0.0000; 0.0000; 0.5247; 0.4472; 0.0328; 0.4934; 9759806.48; 166654.99; 2505373.82; 220571.63; 149.85; 1498512.36; 0.0000; 0.0000; 0.0000; 1.0000; 0.0000; 0.0000; 0.00; 0.00; 0.00; 0.00; 0.00; 0.00; 1.00; 0.00; 0.00; 1; -0.0060; 0.0001; 1.0077; 14.5501; 0.0006; 6.3651; 2.5047; 0.0001; 1.1138
49; 0.0226; 0.0015; 0.0000; 0.0000; 0.5247; 0.4365; 0.0297; 0.4459; 9775477.42; 157247.08; 2363942.02; 220925.79; 149.56; 1495595.38; 0.0000; 0.0000; 0.0000; 1.0000; 0.0000; 0.0000; 0.00; 0.00; 0.00; 0.00; 0.00; 0.00; 1.00; 0.00; 0.00; 1; -0.0103; 0.0001; 1.0081; 14.5088; 0.0006; 6.3574; 2.4956; 0.0001; 1.1149
50; 0.0226; 0.0015; 0.0000; 0.0000; 0.5247; 0.4279; 0.0287; 0.4320; 9916851.69; 146696.94; 2205338.60; 224120.85; 151.06; 1510629.15; 0.0000; 0.0000; 0.0000; 1.0000; 0.0000; 0.0000; 0.00; 0.00; 0.00; 0.00; 0.00; 0.00; 1.00; 0.00; 0.00; 1; -0.0034; 0.0001; 1.0024; 14.5512; 0.0006; 6.3319; 2.5183; 0.0001; 1.1182
Metapopulation
0; 1.0000; 0.0000; 0.0000; 0.0000; 0.4769;      0;      0;      0; 742.00; 0.00; 0.00; 742.00; 0.00; 0.00; 0.0000; 0.0000; 0.0000; 1.0000; 0.0000; 0.0000; 0.00; 0.00; 0.00; 0.00; 0.00; 0.00; 0.00; 0.00; 0.00; 0; -0.0163; 0.0001; 0.9890; 14.6088; 0.0006; 6.3193; 2.4965; 0.0001; 1.1137
1; 1.0000; 0.0000; 0.0000; 0.0000; 0.4769; -0.0443; 0.0061; 0.6064; 830.56; 4.17; 416.65; 830.56; 0.04; 416.65; 0.0000; 0.0000; 0.0000; 1.0000; 0.0000; 0.0000; 0.00; 0.00; 0.00; 0.00; 0.00; 0.00; 0.00; 0.00; 0.00; 0; 0.0061; 0.0001; 1.0013; 14.4559; 0.0006; 6.3748; 2.5033; 0.0001; 1.1180
2; 1.0000; 0.0000; 0.0000; 0.0000; 0.4769; -0.2467; 0.0066; 0.6613; 782.96; 6.42; 641.80; 782.96; 0.06; 641.80; 0.0000; 0.0000; 0.0000; 1.0000; 0.0000; 0.0000; 0.00; 0.00; 0.00; 0.00; 0.00; 0.00; 0.00; 0.00; 0.00; 0; 0.0077; 0.0001; 0.9960; 14.5056; 0.0006; 6.3299; 2.4742; 0.0001; 1.1207
3; 1.0000; 0.0000; 0.0000; 0.0000; 0.4769; -0.2444; 0.0065; 0.6515; 725.44; 8.10; 809.55; 725.44; 0.08; 809.55; 0.0000; 0.0000; 0.0000; 1.0000; 0.0000; 0.0000; 0.00; 0.00; 0.00; 0.00; 0.00; 0.00; 0.00; 0.00; 0.00; 0; 0.0057; 0.0001; 0.9940; 14.5534; 0.0006; 6.3051; 2.4917; 0.0001; 1.1164
4; 1.0000; 0.0000; 0.0000; 0.0000; 0.4769; -0.2206; 0.0064; 0.6355; 675.64; 9.69; 969.09; 675.64; 0.10; 969.09; 0.0000; 0.0000; 0.0000; 1.0000; 0.0000; 0.0000; 0.00; 0.00; 0.00; 0.00; 0.00; 0.00; 0.00; 0.00; 0.00; 0; -0.0031; 0.0001; 0.9993; 14.4569; 0.0006; 6.3793; 2.5128; 0.0001; 1.1211
5; 1.0000; 0.0000; 0.0000; 0.0000; 0.4769; -0.3328; 0.0065; 0.6497; 544.13; 9.62; 962.42; 544.13; 0.10; 962.42; 0.0000; 0.0000; 0.0000; 1.0000; 0.0000; 0.0000; 0.00; 0.00; 0.00; 0.00; 0.00; 0.00; 0.00; 0.00; 0.00; 0; 0.0068; 0.0001; 0.9941; 14.3965; 0.0006; 6.3595; 2.4738; 0.0001; 1.1163
6; 1.0000; 0.0000; 0.0000; 0.0000; 0.4769; -0.2762; 0.0063; 0.6312; 445.26; 9.19; 919.03; 445.26; 0.09; 919.03; 0.0000; 0.0000; 0.0000; 1.0000; 0.0000; 0.0000; 0.00; 0.00; 0.00; 0.00; 0.00; 0.00; 0.00; 0.00; 0.00; 0; 0.0173; 0.0001; 0.9952; 14.5069; 0.0006; 6.3310; 2.4964; 0.0001; 1.1185
7; 1.0000; 0.0000; 0.0000; 0.0000; 0.4769; -0.2440; 0.0062; 0.6232; 370.37; 8.84; 884.11; 370.37; 0.09; 884.11; 0.0000; 0.0000; 0.0000; 1.0000; 0.0000; 0.0000; 0.00; 0.00; 0.00; 0.00; 0.00; 0.00; 0.00; 0.00; 0.00; 0; 0.0102; 0.0001; 0.9962; 14.5141; 0.0006; 6.3459; 2.4991; 0.0001; 1.1117
8; 1.0000; 0.0000; 0.0000; 0.0000; 0.4769; -0.1992; 0.0060; 0.6021; 317.43; 8.46; 846.04; 317.43; 0.08; 846.04; 0.0000; 0.0000; 0.0000; 1.0000; 0.0000; 0.0000; 0.00; 0.00; 0.00; 0.00; 0.00; 0.00; 0.00; 0.00; 0.00; 0; 0.0165; 0.0001; 1.0043; 14.5447; 0.0006; 6.3904; 2.4917; 0.0001; 1.1170
9; 1.0000; 0.0000; 0.0000; 0.0000; 0.4769; -0.1688; 0.0060; 0.5976; 269.53; 8.48; 848.22; 269.53; 0.08; 848.22; 0.0000; 0.0000; 0.0000; 1.0000; 0.0000; 0.0000; 0.00; 0.00; 0.00; 0.00; 0.00; 0.00; 0.00; 0.00; 0.00; 0; -0.0047; 0.0001; 0.9930; 14.5565; 0.0006; 6.3519; 2.4934; 0.0001; 1.1167
10; 1.0000; 0.0000; 0.0000; 0.0000; 0.4769; -0.1254; 0.0058; 0.5752; 248.77; 9.57; 957.09; 248.77; 0.10; 957.09; 0.0000; 0.0000; 0.0000; 1.0000; 0.0000; 0.0000; 0.00; 0.00; 0.00; 0.00; 0.00; 0.00; 0.00; 0.00; 0.00; 0; -0.0002; 0.0001; 1.0024; 14.5509; 0.0006; 6.2911; 2.4929; 0.0001; 1.1173
11; 1.0000; 0.0000; 0.0000; 0.0000; 0.4769; -0.0997; 0.0057; 0.5695; 243.93; 11.88; 1187.93; 243.93; 0.12; 1187.93; 0.0000; 0.0000; 0.0000; 1.0000; 0.0000; 0.0000; 0.00; 0.00; 0.00; 0.00; 0.00; 0.00; 0.00; 0.00; 0.00; 0; -0.0009; 0.0001; 0.9927; 14.4522; 0.0006; 6.3585; 2.5001; 0.0001; 1.1204
12; 1.0000; 0.0000; 0.0000; 0.0000; 0.4769; -0.0799; 0.0056; 0.5624; 256.21; 16.14; 1614.25; 256.21; 0.16; 1614.25; 0.0000; 0.0000; 0.0000; 1.0000; 0.0000; 0.0000; 0.00; 0.00; 0.00; 0.00; 0.00; 0.00; 0.00; 0.00; 0.00; 0; 0.0017; 0.0001; 0.9960; 14.5351; 0.0006; 6.3344; 2.4937; 0.0001; 1.1218
13; 1.0000; 0.0000; 0.0000; 0.0000; 0.4769; -0.0643; 0.0056; 0.5605; 283.13; 21.33; 2133.13; 283.13; 0.21; 2133.13; 0.0000; 0.0000; 0.0000; 1.0000; 0.0000; 0.0000; 0.00; 0.00; 0.00; 0.00; 0.00; 0.00; 0.00; 0.00; 0.00; 0; -0.0072; 0.0001; 0.9952; 14.4788; 0.0006; 6.3375; 2.5011; 0.0001; 1.1192
14; 1.0000; 0.0000; 0.0000; 0.0000; 0.4769; -0.0451; 0.0054; 0.5442; 386.59; 40.53; 4052.63; 386.59; 0.41; 4052.63; 0.0000; 0.0000; 0.0000; 1.0000; 0.0000; 0.0000; 0.00; 0.00; 0.00; 0.00; 0.00; 0.00; 0.00; 0.00; 0.00; 0; 0.0185; 0.0001; 1.0115; 14.5135; 0.0006; 6.2769; 2.5030; 0.0001; 1.1209
15; 1.0000; 0.0000; 0.0000; 0.0000; 0.4769; -0.0268; 0.0054; 0.5384; 558.19; 71.90; 7190.11; 558.19; 0.72; 7190.11; 0.0000; 0.0000; 0.0000; 1.0000; 0.0000; 0.0000; 0.00; 0.00; 0.00; 0.00; 0.00; 0.00; 0.00; 0.00; 0.00; 0; 0.0054; 0.0001; 1.0075; 14.5162; 0.0006; 6.3388; 2.5027; 0.0001; 1.1241
16; 1.0000; 0.0000; 0.0000; 0.0000; 0.4769; -0.0174; 0.0054; 0.5428; 935.80; 163.46; 16345.92; 935.80; 1.63; 16345.92; 0.0000; 0.0000; 0.0000; 1.0000; 0.0000; 0.0000; 0.00; 0.00; 0.00; 0.00; 0.00; 0.00; 0.00; 0.00; 0.00; 0; 0.0057; 0.0001; 0.9930; 14.4762; 0.0006; 6.3470; 2.4975; 0.0001; 1.1242
17; 1.0000; 0.0000; 0.0000; 0.0000; 0.4769; -0.0127; 0.0054; 0.5370; 1561.31; 269.86; 26985.90; 1561.31; 2.70; 26985.90; 0.0000; 0.0000; 0.0000; 1.0000; 0.0000; 0.0000; 0.00; 0.00; 0.00; 0.00; 0.00; 0.00; 0.00; 0.00; 0.00; 0; -0.0065; 0.0001; 0.9998; 14.4464; 0.0006; 6.3188; 2.4956; 0.0001; 1.1161
18; 1.0000; 0.0000; 0.0000; 0.0000; 0.4769; -0.0126; 0.0053; 0.5341; 2823.33; 538.46; 53846.05; 2823.33; 5.38; 53846.05; 0.0000; 0.0000; 0.0000; 1.0000; 0.0000; 0.0000; 0.00; 0.00; 0.00; 0.00; 0.00; 0.00; 0.00; 0.00; 0.00; 0; -0.0060; 0.0001; 0.9976; 14.4043; 0.0006; 6.3442; 2.5029; 0.0001; 1.1197
19; 1.0000; 0.0000; 0.0000; 0.0000; 0.4769; -0.0107; 0.0054; 0.5387; 4618.01; 1004.57; 100456.92; 4618.01; 10.05; 100456.92; 0.0000; 0.0000; 0.0000; 1.0000; 0.0000; 0.0000; 0.00; 0.00; 0.00; 0.00; 0.00; 0.00; 0.00; 0.00; 0.00; 0; -0.0001; 0.0001; 0.9929; 14.4737; 0.0006; 6.3309; 2.4949; 0.0001; 1.1254
20; 1.0000; 0.0000; 0.0000; 0.0000; 0.4769; -0.1899; 0.0056; 0.5582; 6734.76; 1434.76; 143475.98; 6734.76; 14.35; 143475.98; 0.0000; 0.0000; 0.0000; 1.0000; 0.0000; 0.0000; 0.00; 0.00; 0.00; 0.00; 0.00; 0.00; 0.00; 0.00; 0.00; 0; 0.0101; 0.0001; 0.9951; 14.4894; 0.0006; 6.3849; 2.4825; 0.0001; 1.1235
21; 1.0000; 0.0000; 0.0000; 0.0000; 0.4769; -0.1196; 0.0054; 0.5414; 10500.95; 1954.73; 195472.60; 10500.95; 19.55; 195472.60; 0.0000; 0.0000; 0.0000; 1.0000; 0.0000; 0.0000; 0.00; 0.00; 0.00; 0.00; 0.00; 0.00; 0.00; 0.00; 0.00; 0; 0.0028; 0.0001; 0.9973; 14.4628; 0.0006; 6.3242; 2.4956; 0.0001; 1.1190
22; 1.0000; 0.0000; 0.0000; 0.0000; 0.4769; -0.0645; 0.0053; 0.5300; 16356.69; 2953.61; 295361.06; 16356.69; 29.54; 295361.06; 0.0000; 0.0000; 0.0000; 1.0000; 0.0000; 0.0000; 0.00; 0.00; 0.00; 0.00; 0.00; 0.00; 0.00; 0.00; 0.00; 0; 0.0042; 0.0001; 1.0187; 14.4544; 0.0006; 6.2940; 2.4950; 0.0001; 1.1272
23; 1.0000; 0.0000; 0.0000; 0.0000; 0.4769; -0.0317; 0.0052; 0.5198; 24032.48; 3931.02; 393102.31; 24032.48; 39.31; 393102.31; 0.0000; 0.0000; 0.0000; 1.0000; 0.0000; 0.0000; 0.00; 0.00; 0.00; 0.00; 0.00; 0.00; 0.00; 0.00; 0.00; 0; -0.0086; 0.0001; 0.9810; 14.5288; 0.0006; 6.3419; 2.5020; 0.0001; 1.1204
24; 1.0000; 0.0000; 0.0000; 0.0000; 0.4769; -0.0176; 0.0051; 0.5117; 32330.20; 4610.40; 461040.07; 32330.20; 46.10; 461040.07; 0.0000; 0.0000; 0.0000; 1.0000; 0.0000; 0.0000; 0.00; 0.00; 0.00; 0.00; 0.00; 0.00; 0.00; 0.00; 0.00; 0; -0.0006; 0.0001; 0.9956; 14.5187; 0.0006; 6.3470; 2.5045; 0.0001; 1.1121
25; 1.0000; 0.0000; 0.0000; 0.0000; 0.4769; -0.0116; 0.0051; 0.5103; 41835.28; 5588.63; 558863.25; 41835.28; 55.89; 558863.25; 0.0000; 0.0000; 0.0000; 1.0000; 0.0000; 0.0000; 0.00; 0.00; 0.00; 0.00; 0.00; 0.00; 0.00; 0.00; 0.00; 0; -0.0048; 0.0001; 0.9980; 14.5487; 0.0006; 6.3418; 2.5048; 0.0001; 1.1131
26; 1.0000; 0.0000; 0.0000; 0.0000; 0.4769; 0.0063; 0.0051; 0.5055; 51461.11; 6210.36; 621036.03; 51461.11; 62.10; 621036.03; 0.0000; 0.0000; 0.0000; 1.0000; 0.0000; 0.0000; 0.00; 0.00; 0.00; 0.00; 0.00; 0.00; 0.00; 0.00; 0.00; 0; -0.0050; 0.0001; 1.0036; 14.4814; 0.0006; 6.3488; 2.5038; 0.0001; 1.1166
27; 1.0000; 0.0000; 0.0000; 0.0000; 0.4769; -0.0020; 0.0051; 0.5057; 62039.27; 6876.56; 687656.04; 62039.27; 68.77; 687656.04; 0.0000; 0.0000; 0.0000; 1.0000; 0.0000; 0.0000; 0.00; 0.00; 0.00; 0.00; 0.00; 0.00; 0.00; 0.00; 0.00; 0; 0.0166; 0.0001; 1.0027; 14.5309; 0.0006; 6.3017; 2.4897; 0.0001; 1.1261
28; 1.0000; 0.0000; 0.0000; 0.0000; 0.4769; 0.0073; 0.0051; 0.5107; 76635.20; 8010.75; 801074.79; 76635.20; 80.11; 801074.79; 0.0000; 0.0000; 0.0000; 1.0000; 0.0000; 0.0000; 0.00; 0.00; 0.00; 0.00; 0.00; 0.00; 0.00; 0.00; 0.00; 0; -0.0009; 0.0001; 1.0016; 14.5065; 0.0006; 6.2966; 2.4881; 0.0001; 1.1200
29; 1.0000; 0.0000; 0.0000; 0.0000; 0.4769; 0.0133; 0.0051; 0.5089; 88341.40; 8696.78; 869678.04; 88341.40; 86.97; 869678.04; 0.0000; 0.0000; 0.0000; 1.0000; 0.0000; 0.0000; 0.00; 0.00; 0.00; 0.00; 0.00; 0.00; 0.00; 0.00; 0.00; 0; -0.0012; 0.0001; 0.9951; 14.4977; 0.0006; 6.3095; 2.4969; 0.0001; 1.1223
30; 1.0000; 0.0000; 0.0000; 0.0000; 0.4769; 0.0099; 0.0051; 0.5073; 104731.89; 9606.82; 960682.29; 104731.89; 96.07; 960682.29; 0.0000; 0.0000; 0.0000; 1.0000; 0.0000; 0.0000; 0.00; 0.00; 0.00; 0.00; 0.00; 0.00; 0.00; 0.00; 0.00; 0; -0.0179; 0.0001; 0.9923; 14.5434; 0.0006; 6.4060; 2.4998; 0.0001; 1.1214
31; 1.0000; 0.0000; 0.0000; 0.0000; 0.4769; 0.0031; 0.0051; 0.5081; 120508.19; 10499.64; 1049964.30; 120508.19; 105.00; 1049964.30; 0.0000; 0.0000; 0.0000; 1.0000; 0.0000; 0.0000; 0.00; 0.00; 0.00; 0.00; 0.00; 0.00; 0.00; 0.00; 0.00; 0; 0.0155; 0.0001; 1.0077; 14.4436; 0.0006; 6.2975; 2.4816; 0.0001; 1.1267
32; 1.0000; 0.0000; 0.0000; 0.0000; 0.4769; 0.0074; 0.0051; 0.5054; 135029.04; 11253.75; 1125375.28; 135029.04; 112.54; 1125375.28; 0.0000; 0.0000; 0.0000; 1.0000; 0.0000; 0.0000; 0.00; 0.00; 0.00; 0.00; 0.00; 0.00; 0.00; 0.00; 0.00; 0; -0.0134; 0.0001; 0.9872; 14.4872; 0.0006; 6.3265; 2.5068; 0.0001; 1.1203
33; 1.0000; 0.0000; 0.0000; 0.0000; 0.4769; 0.0136; 0.0051; 0.5066; 147278.96; 11809.13; 1180912.52; 147278.96; 118.09; 1180912.52; 0.0000; 0.0000; 0.0000; 1.0000; 0.0000; 0.0000; 0.00; 0.00; 0.00; 0.00; 0.00; 0.00; 0.00; 0.00; 0.00; 0; 0.0022; 0.0001; 0.9948; 14.4039; 0.0006; 6.3156; 2.4982; 0.0001; 1.1176
34; 1.0000; 0.0000; 0.0000; 0.0000; 0.4769; 0.0100; 0.0050; 0.5048; 157401.12; 12285.55; 1228555.37; 157401.12; 122.86; 1228555.37; 0.0000; 0.0000; 0.0000; 1.0000; 0.0000; 0.0000; 0.00; 0.00; 0.00; 0.00; 0.00; 0.00; 0.00; 0.00; 0.00; 0; -0.0126; 0.0001; 1.0069; 14.4691; 0.0006; 6.3802; 2.4869; 0.0001; 1.1183
35; 1.0000; 0.0000; 0.0000; 0.0000; 0.4769; 0.0091; 0.0051; 0.5103; 171911.48; 13037.26; 1303725.68; 171911.48; 130.37; 1303725.68; 0.0000; 0.0000; 0.0000; 1.0000; 0.0000; 0.0000; 0.00; 0.00; 0.00; 0.00; 0.00; 0.00; 0.00; 0.00; 0.00; 0; -0.0053; 0.0001; 1.0095; 14.4889; 0.0006; 6.2657; 2.5039; 0.0001; 1.1140
36; 1.0000; 0.0000; 0.0000; 0.0000; 0.4769; 0.0100; 0.0051; 0.5084; 181118.88; 13451.28; 1345128.12; 181118.88; 134.51; 1345128.12; 0.0000; 0.0000; 0.0000; 1.0000; 0.0000; 0.0000; 0.00; 0.00; 0.00; 0.00; 0.00; 0.00; 0.00; 0.00; 0.00; 0; 0.0218; 0.0001; 0.9897; 14.4184; 0.0006; 6.3151; 2.5078; 0.0001; 1.1174
37; 1.0000; 0.0000; 0.0000; 0.0000; 0.4769; 0.0124; 0.0051; 0.5106; 186433.22; 13592.99; 1359299.28; 186433.22; 135.93; 1359299.28; 0.0000; 0.0000; 0.0000; 1.0000; 0.0000; 0.0000; 0.00; 0.00; 0.00; 0.00; 0.00; 0.00; 0.00; 0.00; 0.00; 0; 0.0038; 0.0001; 0.9955; 14.5887; 0.0006; 6.4138; 2.4878; 0.0001; 1.1224
38; 1.0000; 0.0000; 0.0000; 0.0000; 0.4769; 0.0119; 0.0051; 0.5061; 192594.23; 13803.65; 1380365.49; 192594.23; 138.04; 1380365.49; 0.0000; 0.0000; 0.0000; 1.0000; 0.0000; 0.0000; 0.00; 0.00; 0.00; 0.00; 0.00; 0.00; 0.00; 0.00; 0.00; 0; -0.0027; 0.0001; 0.9936; 14.4936; 0.0006; 6.2886; 2.4944; 0.0001; 1.1154
39; 1.0000; 0.0000; 0.0000; 0.0000; 0.4769; 0.0106; 0.0050; 0.4988; 199397.53; 14093.57; 1409357.08; 199397.53; 140.94; 1409357.08; 0.0000; 0.0000; 0.0000; 1.0000; 0.0000; 0.0000; 0.00; 0.00; 0.00; 0.00; 0.00; 0.00; 0.00; 0.00; 0.00; 0; -0.0078; 0.0001; 0.9989; 14.4860; 0.0006; 6.3282; 2.4911; 0.0001; 1.1180
40; 1.0000; 0.0000; 0.0000; 0.0000; 0.4769; 0.0067; 0.0051; 0.5071; 208978.75; 14616.27; 1461626.90; 208978.75; 146.16; 1461626.90; 0.0000; 0.0000; 0.0000; 1.0000; 0.0000; 0.0000; 0.00; 0.00; 0.00; 0.00; 0.00; 0.00; 0.00; 0.00; 0.00; 0; 0.0008; 0.0001; 1.0033; 14.4528; 0.0006; 6.3422; 2.5039; 0.0001; 1.1172
41; 1.0000; 0.0000; 0.0000; 0.0000; 0.4769; 0.0144; 0.0051; 0.5072; 215194.12; 14906.83; 1490683.46; 215194.12; 149.07; 1490683.46; 0.0000; 0.0000; 0.0000; 1.0000; 0.0000; 0.0000; 0.00; 0.00; 0.00; 0.00; 0.00; 0.00; 0.00; 0.00; 0.00; 0; -0.0083; 0.0001; 0.9900; 14.4601; 0.0006; 6.3500; 2.5063; 0.0001; 1.1184
42; 1.0000; 0.0000; 0.0000; 0.0000; 0.4769; 0.0056; 0.0051; 0.5112; 213882.95; 14788.68; 1478868.41; 213882.95; 147.89; 1478868.41; 0.0000; 0.0000; 0.0000; 1.0000; 0.0000; 0.0000; 0.00; 0.00; 0.00; 0.00; 0.00; 0.00; 0.00; 0.00; 0.00; 0; 0.0078; 0.0001; 1.0054; 14.4739; 0.0006; 6.3430; 2.5046; 0.0001; 1.1211
43; 1.0000; 0.0000; 0.0000; 0.0000; 0.4769; 0.0125; 0.0051; 0.5064; 220948.43; 15107.51; 1510751.18; 220948.43; 151.08; 1510751.18; 0.0000; 0.0000; 0.0000; 1.0000; 0.0000; 0.0000; 0.00; 0.00; 0.00; 0.00; 0.00; 0.00; 0.00; 0.00; 0.00; 0; -0.0008; 0.0001; 1.0117; 14.4963; 0.0006; 6.3147; 2.5040; 0.0001; 1.1154
44; 1.0000; 0.0000; 0.0000; 0.0000; 0.4769; 0.0045; 0.0051; 0.5054; 218388.27; 14966.12; 1496611.94; 218388.27; 149.66; 1496611.94; 0.0000; 0.0000; 0.0000; 1.0000; 0.0000; 0.0000; 0.00; 0.00; 0.00; 0.00; 0.00; 0.00; 0.00; 0.00; 0.00; 0; 0.0012; 0.0001; 0.9966; 14.4464; 0.0006; 6.3814; 2.4913; 0.0001; 1.1202
45; 1.0000; 0.0000; 0.0000; 0.0000; 0.4769; 0.0113; 0.0051; 0.5055; 217937.14; 14884.78; 1488477.62; 217937.14; 148.85; 1488477.62; 0.0000; 0.0000; 0.0000; 1.0000; 0.0000; 0.0000; 0.00; 0.00; 0.00; 0.00; 0.00; 0.00; 0.00; 0.00; 0.00; 0; 0.0245; 0.0001; 1.0163; 14.5651; 0.0006; 6.3516; 2.4946; 0.0001; 1.1255
46; 1.0000; 0.0000; 0.0000; 0.0000; 0.4769; 0.0141; 0.0051; 0.5075; 220456.05; 14968.27; 1496827.38; 220456.05; 149.68; 1496827.38; 0.0000; 0.0000; 0.0000; 1.0000; 0.0000; 0.0000; 0.00; 0.00; 0.00; 0.00; 0.00; 0.00; 0.00; 0.00; 0.00; 0; -0.0058; 0.0001; 0.9979; 14.4071; 0.0006; 6.3646; 2.4906; 0.0001; 1.1200
47; 1.0000; 0.0000; 0.0000; 0.0000; 0.4769; 0.0050; 0.0051; 0.5088; 221265.66; 15031.28; 1503127.87; 221265.66; 150.31; 1503127.87; 0.0000; 0.0000; 0.0000; 1.0000; 0.0000; 0.0000; 0.00; 0.00; 0.00; 0.00; 0.00; 0.00; 0.00; 0.00; 0.00; 0; -0.0129; 0.0001; 0.9995; 14.5754; 0.0006; 6.3346; 2.4964; 0.0001; 1.1163
48; 1.0000; 0.0000; 0.0000; 0.0000; 0.4769; 0.0190; 0.0050; 0.5030; 220609.02; 14985.12; 1498512.45; 220609.02; 149.85; 1498512.45; 0.0000; 0.0000; 0.0000; 1.0000; 0.0000; 0.0000; 0.00; 0.00; 0.00; 0.00; 0.00; 0.00; 0.00; 0.00; 0.00; 0; -0.0060; 0.0001; 1.0077; 14.5501; 0.0006; 6.3651; 2.5047; 0.0001; 1.1138
49; 1.0000; 0.0000; 0.0000; 0.0000; 0.4769; 0.0082; 0.0051; 0.5081; 220963.15; 14955.96; 1495595.51; 220963.15; 149.56; 1495595.51; 0.0000; 0.0000; 0.0000; 1.0000; 0.0000; 0.0000; 0.00; 0.00; 0.00; 0.00; 0.00; 0.00; 0.00; 0.00; 0.00; 0; -0.0103; 0.0001; 1.0081; 14.5088; 0.0006; 6.3574; 2.4956; 0.0001; 1.1149
50; 1.0000; 0.0000; 0.0000; 0.0000; 0.4769; 0.0103; 0.0050; 0.5017; 224158.25; 15106.29; 1510629.28; 224158.25; 151.06; 1510629.28; 0.0000; 0.0000; 0.0000; 1.0000; 0.0000; 0.0000; 0.00; 0.00; 0.00; 0.00; 0.00; 0.00; 0.00; 0.00; 0.00; 0; -0.0034; 0.0001; 1.0024; 14.5512; 0.0006; 6.3319; 2.5183; 0.0001; 1.1182
