    Year (Census)
    Proportion of populations extant, SE
    Proportion of populations going extinct for the first time in year, SE
    Deterministic growth, Stochastic growth, SE, SD
    Mean population size (across extant populations), SE, SD
    Mean population size (across all populations), SE, SD
    Population-based model: No genetic data (12 skipped fields)



    Mean time to extinction, SE, SD
    Median time to extinction
    GSVars(3): Mean, SE, SD
Year;PExtant;SE(PExtant);PExtinct;SE(PExtinct);r-det;r-stoch;SE(r);SD(r);Nextant;SE(Nextant);SD(Nextant);Nall;SE(Nall);SD(Nall);Het;SE(Het);SD(Het);Inbr;SE(Inbr);SD(Inbr);Nalleles;SE(Nalleles);SD(Nalleles);Nlethals;SE(Nlethals);SD(Nlethals);TE;SE(TE);SD(TE);medTE;NRANDx;SE(NRANDx);SD(NRANDx);immigBord;SE(immigBord);SD(immigBord);immigSC;SE(immigSC);SD(immigSC)
Control_11
Population 1: Border
0; 1.0000; 0.0000; 0.0000; 0.0000; 0.2668;      0;      0;      0; 632.00; 0.00; 0.00; 632.00; 0.00; 0.00; 0.0000; 0.0000; 0.0000; 1.0000; 0.0000; 0.0000; 0.00; 0.00; 0.00; 0.00; 0.00; 0.00; 0.00; 0.00; 0.00; 0; 0.0162; 0.0001; 0.9995; 14.4856; 0.0006; 6.3456; 2.4947; 0.0001; 1.1225
1; 1.0000; 0.0000; 0.0000; 0.0000; 0.2668; 0.1061; 0.0058; 0.5774; 806.08; 3.70; 369.86; 806.08; 0.04; 369.86; 0.0000; 0.0000; 0.0000; 1.0000; 0.0000; 0.0000; 0.00; 0.00; 0.00; 0.00; 0.00; 0.00; 0.00; 0.00; 0.00; 0; 0.0059; 0.0001; 1.0033; 14.4918; 0.0006; 6.3874; 2.5096; 0.0001; 1.1189
2; 1.0000; 0.0000; 0.0000; 0.0000; 0.2668; 0.0964; 0.0057; 0.5710; 1011.01; 6.81; 681.07; 1011.01; 0.07; 681.07; 0.0000; 0.0000; 0.0000; 1.0000; 0.0000; 0.0000; 0.00; 0.00; 0.00; 0.00; 0.00; 0.00; 0.00; 0.00; 0.00; 0; 0.0013; 0.0001; 1.0180; 14.4478; 0.0006; 6.2893; 2.5040; 0.0001; 1.1133
3; 1.0000; 0.0000; 0.0000; 0.0000; 0.2668; 0.1079; 0.0057; 0.5664; 1286.40; 11.25; 1125.22; 1286.40; 0.11; 1125.22; 0.0000; 0.0000; 0.0000; 1.0000; 0.0000; 0.0000; 0.00; 0.00; 0.00; 0.00; 0.00; 0.00; 0.00; 0.00; 0.00; 0; -0.0035; 0.0001; 0.9976; 14.5380; 0.0006; 6.3616; 2.5024; 0.0001; 1.1127
4; 1.0000; 0.0000; 0.0000; 0.0000; 0.2668; 0.1144; 0.0056; 0.5650; 1616.69; 17.01; 1700.99; 1616.69; 0.17; 1700.99; 0.0000; 0.0000; 0.0000; 1.0000; 0.0000; 0.0000; 0.00; 0.00; 0.00; 0.00; 0.00; 0.00; 0.00; 0.00; 0.00; 0; -0.0064; 0.0001; 0.9871; 14.4064; 0.0006; 6.3005; 2.5001; 0.0001; 1.1269
5; 1.0000; 0.0000; 0.0000; 0.0000; 0.2668; 0.1082; 0.0058; 0.5767; 2030.18; 24.86; 2486.00; 2030.18; 0.25; 2486.00; 0.0000; 0.0000; 0.0000; 1.0000; 0.0000; 0.0000; 0.00; 0.00; 0.00; 0.00; 0.00; 0.00; 0.00; 0.00; 0.00; 0; -0.0016; 0.0001; 1.0053; 14.5534; 0.0006; 6.3448; 2.4947; 0.0001; 1.1122
6; 1.0000; 0.0000; 0.0000; 0.0000; 0.2668; 0.0956; 0.0058; 0.5797; 2546.34; 36.19; 3618.86; 2546.34; 0.36; 3618.86; 0.0000; 0.0000; 0.0000; 1.0000; 0.0000; 0.0000; 0.00; 0.00; 0.00; 0.00; 0.00; 0.00; 0.00; 0.00; 0.00; 0; 0.0071; 0.0001; 0.9950; 14.4554; 0.0006; 6.3757; 2.5065; 0.0001; 1.1144
7; 1.0000; 0.0000; 0.0000; 0.0000; 0.2668; 0.1004; 0.0058; 0.5827; 3189.93; 51.07; 5107.25; 3189.93; 0.51; 5107.25; 0.0000; 0.0000; 0.0000; 1.0000; 0.0000; 0.0000; 0.00; 0.00; 0.00; 0.00; 0.00; 0.00; 0.00; 0.00; 0.00; 0; -0.0014; 0.0001; 0.9958; 14.5305; 0.0006; 6.3793; 2.5001; 0.0001; 1.1086
8; 1.0000; 0.0000; 0.0000; 0.0000; 0.2668; 0.1147; 0.0058; 0.5812; 4039.62; 73.63; 7363.49; 4039.62; 0.74; 7363.49; 0.0000; 0.0000; 0.0000; 1.0000; 0.0000; 0.0000; 0.00; 0.00; 0.00; 0.00; 0.00; 0.00; 0.00; 0.00; 0.00; 0; -0.0030; 0.0001; 1.0144; 14.4989; 0.0006; 6.2909; 2.5151; 0.0001; 1.1125
9; 1.0000; 0.0000; 0.0000; 0.0000; 0.2668; 0.0995; 0.0057; 0.5749; 4997.07; 105.26; 10525.65; 4997.07; 1.05; 10525.65; 0.0000; 0.0000; 0.0000; 1.0000; 0.0000; 0.0000; 0.00; 0.00; 0.00; 0.00; 0.00; 0.00; 0.00; 0.00; 0.00; 0; -0.0007; 0.0001; 0.9981; 14.4706; 0.0006; 6.3788; 2.4908; 0.0001; 1.1185
10; 1.0000; 0.0000; 0.0000; 0.0000; 0.2668; 0.1001; 0.0058; 0.5795; 6167.71; 135.16; 13516.28; 6167.71; 1.35; 13516.28; 0.0000; 0.0000; 0.0000; 1.0000; 0.0000; 0.0000; 0.00; 0.00; 0.00; 0.00; 0.00; 0.00; 0.00; 0.00; 0.00; 0; -0.0014; 0.0001; 1.0036; 14.4641; 0.0006; 6.3094; 2.4799; 0.0001; 1.1221
11; 1.0000; 0.0000; 0.0000; 0.0000; 0.2668; 0.0928; 0.0058; 0.5836; 7597.05; 180.77; 18076.68; 7597.05; 1.81; 18076.68; 0.0000; 0.0000; 0.0000; 1.0000; 0.0000; 0.0000; 0.00; 0.00; 0.00; 0.00; 0.00; 0.00; 0.00; 0.00; 0.00; 0; 0.0131; 0.0001; 0.9948; 14.5538; 0.0006; 6.3290; 2.5031; 0.0001; 1.1138
12; 1.0000; 0.0000; 0.0000; 0.0000; 0.2668; 0.1069; 0.0058; 0.5791; 9496.51; 246.29; 24629.20; 9496.51; 2.46; 24629.20; 0.0000; 0.0000; 0.0000; 1.0000; 0.0000; 0.0000; 0.00; 0.00; 0.00; 0.00; 0.00; 0.00; 0.00; 0.00; 0.00; 0; 0.0103; 0.0001; 0.9869; 14.4802; 0.0006; 6.3899; 2.5115; 0.0001; 1.1129
13; 1.0000; 0.0000; 0.0000; 0.0000; 0.2668; 0.1012; 0.0058; 0.5802; 11827.34; 332.88; 33287.99; 11827.34; 3.33; 33287.99; 0.0000; 0.0000; 0.0000; 1.0000; 0.0000; 0.0000; 0.00; 0.00; 0.00; 0.00; 0.00; 0.00; 0.00; 0.00; 0.00; 0; 0.0012; 0.0001; 0.9954; 14.4442; 0.0006; 6.3420; 2.5040; 0.0001; 1.1202
14; 1.0000; 0.0000; 0.0000; 0.0000; 0.2668; 0.0861; 0.0059; 0.5872; 14328.83; 420.82; 42082.01; 14328.83; 4.21; 42082.01; 0.0000; 0.0000; 0.0000; 1.0000; 0.0000; 0.0000; 0.00; 0.00; 0.00; 0.00; 0.00; 0.00; 0.00; 0.00; 0.00; 0; 0.0086; 0.0001; 0.9978; 14.5394; 0.0006; 6.3578; 2.5073; 0.0001; 1.1224
15; 1.0000; 0.0000; 0.0000; 0.0000; 0.2668; 0.0986; 0.0059; 0.5860; 17376.55; 509.28; 50927.98; 17376.55; 5.09; 50927.98; 0.0000; 0.0000; 0.0000; 1.0000; 0.0000; 0.0000; 0.00; 0.00; 0.00; 0.00; 0.00; 0.00; 0.00; 0.00; 0.00; 0; 0.0042; 0.0001; 0.9993; 14.4408; 0.0006; 6.3543; 2.4818; 0.0001; 1.1196
16; 1.0000; 0.0000; 0.0000; 0.0000; 0.2668; 0.0959; 0.0059; 0.5895; 20768.20; 595.57; 59557.31; 20768.20; 5.96; 59557.31; 0.0000; 0.0000; 0.0000; 1.0000; 0.0000; 0.0000; 0.00; 0.00; 0.00; 0.00; 0.00; 0.00; 0.00; 0.00; 0.00; 0; -0.0001; 0.0001; 0.9934; 14.5204; 0.0006; 6.3602; 2.4910; 0.0001; 1.1222
17; 1.0000; 0.0000; 0.0000; 0.0000; 0.2668; 0.0979; 0.0058; 0.5793; 24802.08; 700.39; 70039.32; 24802.08; 7.00; 70039.32; 0.0000; 0.0000; 0.0000; 1.0000; 0.0000; 0.0000; 0.00; 0.00; 0.00; 0.00; 0.00; 0.00; 0.00; 0.00; 0.00; 0; -0.0020; 0.0001; 0.9944; 14.4892; 0.0006; 6.3287; 2.4943; 0.0001; 1.1163
18; 1.0000; 0.0000; 0.0000; 0.0000; 0.2668; 0.0999; 0.0058; 0.5824; 29467.05; 816.48; 81648.38; 29467.05; 8.16; 81648.38; 0.0000; 0.0000; 0.0000; 1.0000; 0.0000; 0.0000; 0.00; 0.00; 0.00; 0.00; 0.00; 0.00; 0.00; 0.00; 0.00; 0; -0.0023; 0.0001; 0.9980; 14.5857; 0.0006; 6.4075; 2.5150; 0.0001; 1.1191
19; 1.0000; 0.0000; 0.0000; 0.0000; 0.2668; 0.0976; 0.0059; 0.5871; 33948.46; 920.57; 92057.12; 33948.46; 9.21; 92057.12; 0.0000; 0.0000; 0.0000; 1.0000; 0.0000; 0.0000; 0.00; 0.00; 0.00; 0.00; 0.00; 0.00; 0.00; 0.00; 0.00; 0; -0.0087; 0.0001; 0.9983; 14.5718; 0.0006; 6.3607; 2.5136; 0.0001; 1.1158
20; 1.0000; 0.0000; 0.0000; 0.0000; 0.2668; 0.0934; 0.0058; 0.5802; 38751.76; 1018.90; 101890.38; 38751.76; 10.19; 101890.38; 0.0000; 0.0000; 0.0000; 1.0000; 0.0000; 0.0000; 0.00; 0.00; 0.00; 0.00; 0.00; 0.00; 0.00; 0.00; 0.00; 0; 0.0071; 0.0001; 1.0125; 14.4868; 0.0006; 6.3655; 2.4831; 0.0001; 1.1181
21; 1.0000; 0.0000; 0.0000; 0.0000; 0.2668; 0.0976; 0.0058; 0.5839; 43394.56; 1108.33; 110833.30; 43394.56; 11.08; 110833.30; 0.0000; 0.0000; 0.0000; 1.0000; 0.0000; 0.0000; 0.00; 0.00; 0.00; 0.00; 0.00; 0.00; 0.00; 0.00; 0.00; 0; -0.0034; 0.0001; 0.9861; 14.4635; 0.0006; 6.3068; 2.5014; 0.0001; 1.1138
22; 1.0000; 0.0000; 0.0000; 0.0000; 0.2668; 0.0891; 0.0058; 0.5845; 48053.28; 1186.59; 118658.69; 48053.28; 11.87; 118658.69; 0.0000; 0.0000; 0.0000; 1.0000; 0.0000; 0.0000; 0.00; 0.00; 0.00; 0.00; 0.00; 0.00; 0.00; 0.00; 0.00; 0; -0.0038; 0.0001; 0.9996; 14.4907; 0.0006; 6.2872; 2.5006; 0.0001; 1.1111
23; 1.0000; 0.0000; 0.0000; 0.0000; 0.2668; 0.1028; 0.0059; 0.5876; 52632.50; 1244.31; 124430.61; 52632.50; 12.44; 124430.61; 0.0000; 0.0000; 0.0000; 1.0000; 0.0000; 0.0000; 0.00; 0.00; 0.00; 0.00; 0.00; 0.00; 0.00; 0.00; 0.00; 0; -0.0149; 0.0001; 1.0140; 14.4895; 0.0006; 6.3552; 2.5200; 0.0001; 1.1121
24; 1.0000; 0.0000; 0.0000; 0.0000; 0.2668; 0.0998; 0.0058; 0.5775; 58328.40; 1322.53; 132253.40; 58328.40; 13.23; 132253.40; 0.0000; 0.0000; 0.0000; 1.0000; 0.0000; 0.0000; 0.00; 0.00; 0.00; 0.00; 0.00; 0.00; 0.00; 0.00; 0.00; 0; -0.0038; 0.0001; 1.0092; 14.5370; 0.0006; 6.3329; 2.5110; 0.0001; 1.1187
25; 1.0000; 0.0000; 0.0000; 0.0000; 0.2668; 0.0946; 0.0059; 0.5882; 64593.77; 1413.01; 141301.40; 64593.77; 14.13; 141301.40; 0.0000; 0.0000; 0.0000; 1.0000; 0.0000; 0.0000; 0.00; 0.00; 0.00; 0.00; 0.00; 0.00; 0.00; 0.00; 0.00; 0; -0.0017; 0.0001; 1.0067; 14.4147; 0.0006; 6.3787; 2.5130; 0.0001; 1.1228
26; 1.0000; 0.0000; 0.0000; 0.0000; 0.2668; 0.1020; 0.0058; 0.5829; 70294.37; 1489.01; 148901.17; 70294.37; 14.89; 148901.17; 0.0000; 0.0000; 0.0000; 1.0000; 0.0000; 0.0000; 0.00; 0.00; 0.00; 0.00; 0.00; 0.00; 0.00; 0.00; 0.00; 0; 0.0009; 0.0001; 1.0040; 14.5916; 0.0006; 6.3338; 2.5263; 0.0001; 1.1083
27; 1.0000; 0.0000; 0.0000; 0.0000; 0.2668; 0.0974; 0.0058; 0.5779; 75674.36; 1548.04; 154804.16; 75674.36; 15.48; 154804.16; 0.0000; 0.0000; 0.0000; 1.0000; 0.0000; 0.0000; 0.00; 0.00; 0.00; 0.00; 0.00; 0.00; 0.00; 0.00; 0.00; 0; -0.0060; 0.0001; 1.0030; 14.4619; 0.0006; 6.3293; 2.5104; 0.0001; 1.1195
28; 1.0000; 0.0000; 0.0000; 0.0000; 0.2668; 0.0994; 0.0059; 0.5930; 82281.29; 1633.67; 163367.01; 82281.29; 16.34; 163367.01; 0.0000; 0.0000; 0.0000; 1.0000; 0.0000; 0.0000; 0.00; 0.00; 0.00; 0.00; 0.00; 0.00; 0.00; 0.00; 0.00; 0; 0.0011; 0.0001; 1.0093; 14.5647; 0.0006; 6.3258; 2.5046; 0.0001; 1.1140
29; 1.0000; 0.0000; 0.0000; 0.0000; 0.2668; 0.0951; 0.0059; 0.5862; 87256.63; 1687.51; 168751.26; 87256.63; 16.88; 168751.26; 0.0000; 0.0000; 0.0000; 1.0000; 0.0000; 0.0000; 0.00; 0.00; 0.00; 0.00; 0.00; 0.00; 0.00; 0.00; 0.00; 0; 0.0109; 0.0001; 1.0013; 14.6298; 0.0006; 6.3419; 2.5255; 0.0001; 1.1152
30; 1.0000; 0.0000; 0.0000; 0.0000; 0.2668; 0.0916; 0.0059; 0.5874; 91671.14; 1731.11; 173110.97; 91671.14; 17.31; 173110.97; 0.0000; 0.0000; 0.0000; 1.0000; 0.0000; 0.0000; 0.00; 0.00; 0.00; 0.00; 0.00; 0.00; 0.00; 0.00; 0.00; 0; 0.0048; 0.0001; 0.9954; 14.5169; 0.0006; 6.3539; 2.4817; 0.0001; 1.1163
31; 1.0000; 0.0000; 0.0000; 0.0000; 0.2668; 0.0930; 0.0058; 0.5800; 96436.26; 1769.10; 176909.91; 96436.26; 17.69; 176909.91; 0.0000; 0.0000; 0.0000; 1.0000; 0.0000; 0.0000; 0.00; 0.00; 0.00; 0.00; 0.00; 0.00; 0.00; 0.00; 0.00; 0; 0.0006; 0.0001; 0.9959; 14.5752; 0.0006; 6.3838; 2.5065; 0.0001; 1.1111
32; 1.0000; 0.0000; 0.0000; 0.0000; 0.2668; 0.0879; 0.0059; 0.5946; 101837.49; 1819.14; 181913.72; 101837.49; 18.19; 181913.72; 0.0000; 0.0000; 0.0000; 1.0000; 0.0000; 0.0000; 0.00; 0.00; 0.00; 0.00; 0.00; 0.00; 0.00; 0.00; 0.00; 0; -0.0126; 0.0001; 1.0003; 14.4358; 0.0006; 6.3395; 2.5059; 0.0001; 1.1166
33; 1.0000; 0.0000; 0.0000; 0.0000; 0.2668; 0.0897; 0.0059; 0.5934; 105981.49; 1850.50; 185050.30; 105981.49; 18.51; 185050.30; 0.0000; 0.0000; 0.0000; 1.0000; 0.0000; 0.0000; 0.00; 0.00; 0.00; 0.00; 0.00; 0.00; 0.00; 0.00; 0.00; 0; 0.0076; 0.0001; 0.9918; 14.5124; 0.0006; 6.3286; 2.5165; 0.0001; 1.1189
34; 1.0000; 0.0000; 0.0000; 0.0000; 0.2668; 0.0864; 0.0059; 0.5855; 110253.78; 1884.86; 188486.47; 110253.78; 18.85; 188486.47; 0.0000; 0.0000; 0.0000; 1.0000; 0.0000; 0.0000; 0.00; 0.00; 0.00; 0.00; 0.00; 0.00; 0.00; 0.00; 0.00; 0; -0.0120; 0.0001; 0.9996; 14.4715; 0.0006; 6.3316; 2.5179; 0.0001; 1.1209
35; 1.0000; 0.0000; 0.0000; 0.0000; 0.2668; 0.1024; 0.0058; 0.5826; 115638.28; 1923.96; 192396.22; 115638.28; 19.24; 192396.22; 0.0000; 0.0000; 0.0000; 1.0000; 0.0000; 0.0000; 0.00; 0.00; 0.00; 0.00; 0.00; 0.00; 0.00; 0.00; 0.00; 0; -0.0007; 0.0001; 1.0128; 14.3817; 0.0006; 6.4008; 2.5032; 0.0001; 1.1162
36; 1.0000; 0.0000; 0.0000; 0.0000; 0.2668; 0.0880; 0.0058; 0.5804; 120056.88; 1957.84; 195784.33; 120056.88; 19.58; 195784.33; 0.0000; 0.0000; 0.0000; 1.0000; 0.0000; 0.0000; 0.00; 0.00; 0.00; 0.00; 0.00; 0.00; 0.00; 0.00; 0.00; 0; -0.0096; 0.0001; 1.0038; 14.5682; 0.0006; 6.3378; 2.5061; 0.0001; 1.1195
37; 1.0000; 0.0000; 0.0000; 0.0000; 0.2668; 0.0758; 0.0060; 0.5984; 122667.26; 1970.25; 197024.88; 122667.26; 19.70; 197024.88; 0.0000; 0.0000; 0.0000; 1.0000; 0.0000; 0.0000; 0.00; 0.00; 0.00; 0.00; 0.00; 0.00; 0.00; 0.00; 0.00; 0; -0.0150; 0.0001; 0.9976; 14.5619; 0.0006; 6.3236; 2.4950; 0.0001; 1.1182
38; 1.0000; 0.0000; 0.0000; 0.0000; 0.2668; 0.0817; 0.0059; 0.5878; 126654.56; 1997.78; 199777.72; 126654.56; 19.98; 199777.72; 0.0000; 0.0000; 0.0000; 1.0000; 0.0000; 0.0000; 0.00; 0.00; 0.00; 0.00; 0.00; 0.00; 0.00; 0.00; 0.00; 0; 0.0032; 0.0001; 0.9977; 14.4677; 0.0006; 6.3550; 2.5075; 0.0001; 1.1197
39; 1.0000; 0.0000; 0.0000; 0.0000; 0.2668; 0.0925; 0.0058; 0.5842; 131701.82; 2042.46; 204246.08; 131701.82; 20.42; 204246.08; 0.0000; 0.0000; 0.0000; 1.0000; 0.0000; 0.0000; 0.00; 0.00; 0.00; 0.00; 0.00; 0.00; 0.00; 0.00; 0.00; 0; 0.0203; 0.0001; 0.9944; 14.4705; 0.0006; 6.3414; 2.4993; 0.0001; 1.1173
40; 1.0000; 0.0000; 0.0000; 0.0000; 0.2668; 0.0893; 0.0059; 0.5877; 135337.94; 2057.99; 205798.68; 135337.94; 20.58; 205798.68; 0.0000; 0.0000; 0.0000; 1.0000; 0.0000; 0.0000; 0.00; 0.00; 0.00; 0.00; 0.00; 0.00; 0.00; 0.00; 0.00; 0; 0.0043; 0.0001; 0.9960; 14.5069; 0.0006; 6.3203; 2.4875; 0.0001; 1.1108
41; 1.0000; 0.0000; 0.0000; 0.0000; 0.2668; 0.0886; 0.0059; 0.5879; 140253.24; 2094.92; 209491.53; 140253.24; 20.95; 209491.53; 0.0000; 0.0000; 0.0000; 1.0000; 0.0000; 0.0000; 0.00; 0.00; 0.00; 0.00; 0.00; 0.00; 0.00; 0.00; 0.00; 0; 0.0062; 0.0001; 1.0082; 14.6932; 0.0006; 6.3615; 2.4985; 0.0001; 1.1124
42; 1.0000; 0.0000; 0.0000; 0.0000; 0.2668; 0.0842; 0.0060; 0.5962; 143456.30; 2110.07; 211007.26; 143456.30; 21.10; 211007.26; 0.0000; 0.0000; 0.0000; 1.0000; 0.0000; 0.0000; 0.00; 0.00; 0.00; 0.00; 0.00; 0.00; 0.00; 0.00; 0.00; 0; -0.0024; 0.0001; 0.9984; 14.4644; 0.0006; 6.3506; 2.5039; 0.0001; 1.1148
43; 1.0000; 0.0000; 0.0000; 0.0000; 0.2668; 0.0991; 0.0060; 0.5953; 147962.80; 2132.16; 213216.43; 147962.80; 21.32; 213216.43; 0.0000; 0.0000; 0.0000; 1.0000; 0.0000; 0.0000; 0.00; 0.00; 0.00; 0.00; 0.00; 0.00; 0.00; 0.00; 0.00; 0; -0.0004; 0.0001; 0.9992; 14.4558; 0.0006; 6.3099; 2.4991; 0.0001; 1.1197
44; 1.0000; 0.0000; 0.0000; 0.0000; 0.2668; 0.0910; 0.0058; 0.5818; 152732.98; 2164.38; 216437.92; 152732.98; 21.64; 216437.92; 0.0000; 0.0000; 0.0000; 1.0000; 0.0000; 0.0000; 0.00; 0.00; 0.00; 0.00; 0.00; 0.00; 0.00; 0.00; 0.00; 0; 0.0071; 0.0001; 1.0072; 14.4631; 0.0006; 6.3667; 2.5093; 0.0001; 1.1151
45; 1.0000; 0.0000; 0.0000; 0.0000; 0.2668; 0.0835; 0.0058; 0.5803; 155972.83; 2177.08; 217707.82; 155972.83; 21.77; 217707.82; 0.0000; 0.0000; 0.0000; 1.0000; 0.0000; 0.0000; 0.00; 0.00; 0.00; 0.00; 0.00; 0.00; 0.00; 0.00; 0.00; 0; 0.0024; 0.0001; 0.9994; 14.3957; 0.0006; 6.3956; 2.4934; 0.0001; 1.1151
46; 1.0000; 0.0000; 0.0000; 0.0000; 0.2668; 0.0913; 0.0058; 0.5834; 158614.05; 2174.09; 217408.56; 158614.05; 21.74; 217408.56; 0.0000; 0.0000; 0.0000; 1.0000; 0.0000; 0.0000; 0.00; 0.00; 0.00; 0.00; 0.00; 0.00; 0.00; 0.00; 0.00; 0; -0.0009; 0.0001; 1.0031; 14.4919; 0.0006; 6.3356; 2.4971; 0.0001; 1.1207
47; 1.0000; 0.0000; 0.0000; 0.0000; 0.2668; 0.0876; 0.0059; 0.5915; 161625.01; 2181.81; 218180.75; 161625.01; 21.82; 218180.75; 0.0000; 0.0000; 0.0000; 1.0000; 0.0000; 0.0000; 0.00; 0.00; 0.00; 0.00; 0.00; 0.00; 0.00; 0.00; 0.00; 0; 0.0167; 0.0001; 0.9964; 14.3675; 0.0006; 6.3627; 2.5020; 0.0001; 1.1223
48; 1.0000; 0.0000; 0.0000; 0.0000; 0.2668; 0.0912; 0.0059; 0.5862; 166115.25; 2216.83; 221683.00; 166115.25; 22.17; 221683.00; 0.0000; 0.0000; 0.0000; 1.0000; 0.0000; 0.0000; 0.00; 0.00; 0.00; 0.00; 0.00; 0.00; 0.00; 0.00; 0.00; 0; 0.0259; 0.0001; 0.9999; 14.4863; 0.0006; 6.3332; 2.5127; 0.0001; 1.1152
49; 1.0000; 0.0000; 0.0000; 0.0000; 0.2668; 0.0883; 0.0059; 0.5886; 170467.33; 2250.99; 225098.86; 170467.33; 22.51; 225098.86; 0.0000; 0.0000; 0.0000; 1.0000; 0.0000; 0.0000; 0.00; 0.00; 0.00; 0.00; 0.00; 0.00; 0.00; 0.00; 0.00; 0; 0.0104; 0.0001; 0.9997; 14.4856; 0.0006; 6.3015; 2.4955; 0.0001; 1.1171
50; 1.0000; 0.0000; 0.0000; 0.0000; 0.2668; 0.0772; 0.0059; 0.5906; 173745.46; 2262.37; 226236.78; 173745.46; 22.62; 226236.78; 0.0000; 0.0000; 0.0000; 1.0000; 0.0000; 0.0000; 0.00; 0.00; 0.00; 0.00; 0.00; 0.00; 0.00; 0.00; 0.00; 0; 0.0127; 0.0001; 1.0110; 14.4567; 0.0006; 6.3643; 2.4944; 0.0001; 1.1123
Population 2: South Coast
0; 1.0000; 0.0000; 0.0000; 0.0000; 0.4196;      0;      0;      0; 110.00; 0.00; 0.00; 110.00; 0.00; 0.00; 0.0000; 0.0000; 0.0000; 1.0000; 0.0000; 0.0000; 0.00; 0.00; 0.00; 0.00; 0.00; 0.00; 0.00; 0.00; 0.00; 0; 0.0162; 0.0001; 0.9995; 14.4856; 0.0006; 6.3456; 2.4947; 0.0001; 1.1225
1; 1.0000; 0.0000; 0.0000; 0.0000; 0.4196; 0.5407; 0.0045; 0.4505; 206.27; 0.79; 78.75; 206.27; 0.01; 78.75; 0.0000; 0.0000; 0.0000; 1.0000; 0.0000; 0.0000; 0.00; 0.00; 0.00; 0.00; 0.00; 0.00; 0.00; 0.00; 0.00; 0; 0.0059; 0.0001; 1.0033; 14.4918; 0.0006; 6.3874; 2.5096; 0.0001; 1.1189
2; 1.0000; 0.0000; 0.0000; 0.0000; 0.4196; 0.4676; 0.0047; 0.4707; 359.38; 2.00; 200.43; 359.38; 0.02; 200.43; 0.0000; 0.0000; 0.0000; 1.0000; 0.0000; 0.0000; 0.00; 0.00; 0.00; 0.00; 0.00; 0.00; 0.00; 0.00; 0.00; 0; 0.0013; 0.0001; 1.0180; 14.4478; 0.0006; 6.2893; 2.5040; 0.0001; 1.1133
3; 1.0000; 0.0000; 0.0000; 0.0000; 0.4196; 0.4351; 0.0047; 0.4747; 604.80; 4.26; 425.57; 604.80; 0.04; 425.57; 0.0000; 0.0000; 0.0000; 1.0000; 0.0000; 0.0000; 0.00; 0.00; 0.00; 0.00; 0.00; 0.00; 0.00; 0.00; 0.00; 0; -0.0035; 0.0001; 0.9976; 14.5380; 0.0006; 6.3616; 2.5024; 0.0001; 1.1127
4; 1.0000; 0.0000; 0.0000; 0.0000; 0.4196; 0.4082; 0.0049; 0.4856; 983.84; 8.04; 804.29; 983.84; 0.08; 804.29; 0.0000; 0.0000; 0.0000; 1.0000; 0.0000; 0.0000; 0.00; 0.00; 0.00; 0.00; 0.00; 0.00; 0.00; 0.00; 0.00; 0; -0.0064; 0.0001; 0.9871; 14.4064; 0.0006; 6.3005; 2.5001; 0.0001; 1.1269
5; 1.0000; 0.0000; 0.0000; 0.0000; 0.4196; 0.3813; 0.0047; 0.4748; 1549.01; 14.29; 1428.81; 1549.01; 0.14; 1428.81; 0.0000; 0.0000; 0.0000; 1.0000; 0.0000; 0.0000; 0.00; 0.00; 0.00; 0.00; 0.00; 0.00; 0.00; 0.00; 0.00; 0; -0.0016; 0.0001; 1.0053; 14.5534; 0.0006; 6.3448; 2.4947; 0.0001; 1.1122
6; 1.0000; 0.0000; 0.0000; 0.0000; 0.4196; 0.3527; 0.0049; 0.4864; 2386.51; 24.89; 2489.19; 2386.51; 0.25; 2489.19; 0.0000; 0.0000; 0.0000; 1.0000; 0.0000; 0.0000; 0.00; 0.00; 0.00; 0.00; 0.00; 0.00; 0.00; 0.00; 0.00; 0; 0.0071; 0.0001; 0.9950; 14.4554; 0.0006; 6.3757; 2.5065; 0.0001; 1.1144
7; 1.0000; 0.0000; 0.0000; 0.0000; 0.4196; 0.3358; 0.0049; 0.4933; 3595.16; 41.95; 4195.29; 3595.16; 0.42; 4195.29; 0.0000; 0.0000; 0.0000; 1.0000; 0.0000; 0.0000; 0.00; 0.00; 0.00; 0.00; 0.00; 0.00; 0.00; 0.00; 0.00; 0; -0.0014; 0.0001; 0.9958; 14.5305; 0.0006; 6.3793; 2.5001; 0.0001; 1.1086
8; 1.0000; 0.0000; 0.0000; 0.0000; 0.4196; 0.3341; 0.0049; 0.4887; 5482.55; 71.52; 7151.59; 5482.55; 0.72; 7151.59; 0.0000; 0.0000; 0.0000; 1.0000; 0.0000; 0.0000; 0.00; 0.00; 0.00; 0.00; 0.00; 0.00; 0.00; 0.00; 0.00; 0; -0.0030; 0.0001; 1.0144; 14.4989; 0.0006; 6.2909; 2.5151; 0.0001; 1.1125
9; 1.0000; 0.0000; 0.0000; 0.0000; 0.4196; 0.3126; 0.0049; 0.4941; 8162.09; 118.17; 11816.87; 8162.09; 1.18; 11816.87; 0.0000; 0.0000; 0.0000; 1.0000; 0.0000; 0.0000; 0.00; 0.00; 0.00; 0.00; 0.00; 0.00; 0.00; 0.00; 0.00; 0; -0.0007; 0.0001; 0.9981; 14.4706; 0.0006; 6.3788; 2.4908; 0.0001; 1.1185
10; 1.0000; 0.0000; 0.0000; 0.0000; 0.4196; 0.3038; 0.0051; 0.5078; 12127.86; 195.22; 19521.60; 12127.86; 1.95; 19521.60; 0.0000; 0.0000; 0.0000; 1.0000; 0.0000; 0.0000; 0.00; 0.00; 0.00; 0.00; 0.00; 0.00; 0.00; 0.00; 0.00; 0; -0.0014; 0.0001; 1.0036; 14.4641; 0.0006; 6.3094; 2.4799; 0.0001; 1.1221
11; 1.0000; 0.0000; 0.0000; 0.0000; 0.4196; 0.2976; 0.0050; 0.4972; 17847.70; 311.90; 31189.81; 17847.70; 3.12; 31189.81; 0.0000; 0.0000; 0.0000; 1.0000; 0.0000; 0.0000; 0.00; 0.00; 0.00; 0.00; 0.00; 0.00; 0.00; 0.00; 0.00; 0; 0.0131; 0.0001; 0.9948; 14.5538; 0.0006; 6.3290; 2.5031; 0.0001; 1.1138
12; 1.0000; 0.0000; 0.0000; 0.0000; 0.4196; 0.3073; 0.0049; 0.4939; 26435.93; 482.11; 48210.87; 26435.93; 4.82; 48210.87; 0.0000; 0.0000; 0.0000; 1.0000; 0.0000; 0.0000; 0.00; 0.00; 0.00; 0.00; 0.00; 0.00; 0.00; 0.00; 0.00; 0; 0.0103; 0.0001; 0.9869; 14.4802; 0.0006; 6.3899; 2.5115; 0.0001; 1.1129
13; 1.0000; 0.0000; 0.0000; 0.0000; 0.4196; 0.2960; 0.0050; 0.5038; 38311.51; 703.65; 70365.21; 38311.51; 7.04; 70365.21; 0.0000; 0.0000; 0.0000; 1.0000; 0.0000; 0.0000; 0.00; 0.00; 0.00; 0.00; 0.00; 0.00; 0.00; 0.00; 0.00; 0; 0.0012; 0.0001; 0.9954; 14.4442; 0.0006; 6.3420; 2.5040; 0.0001; 1.1202
14; 1.0000; 0.0000; 0.0000; 0.0000; 0.4196; 0.2848; 0.0050; 0.5016; 53602.38; 954.97; 95497.23; 53602.38; 9.55; 95497.23; 0.0000; 0.0000; 0.0000; 1.0000; 0.0000; 0.0000; 0.00; 0.00; 0.00; 0.00; 0.00; 0.00; 0.00; 0.00; 0.00; 0; 0.0086; 0.0001; 0.9978; 14.5394; 0.0006; 6.3578; 2.5073; 0.0001; 1.1224
15; 1.0000; 0.0000; 0.0000; 0.0000; 0.4196; 0.2886; 0.0051; 0.5064; 72685.58; 1210.71; 121071.38; 72685.58; 12.11; 121071.38; 0.0000; 0.0000; 0.0000; 1.0000; 0.0000; 0.0000; 0.00; 0.00; 0.00; 0.00; 0.00; 0.00; 0.00; 0.00; 0.00; 0; 0.0042; 0.0001; 0.9993; 14.4408; 0.0006; 6.3543; 2.4818; 0.0001; 1.1196
16; 1.0000; 0.0000; 0.0000; 0.0000; 0.4196; 0.2884; 0.0050; 0.5042; 94565.33; 1445.62; 144562.22; 94565.33; 14.46; 144562.22; 0.0000; 0.0000; 0.0000; 1.0000; 0.0000; 0.0000; 0.00; 0.00; 0.00; 0.00; 0.00; 0.00; 0.00; 0.00; 0.00; 0; -0.0001; 0.0001; 0.9934; 14.5204; 0.0006; 6.3602; 2.4910; 0.0001; 1.1222
17; 1.0000; 0.0000; 0.0000; 0.0000; 0.4196; 0.2821; 0.0051; 0.5116; 119670.38; 1678.02; 167801.95; 119670.38; 16.78; 167801.95; 0.0000; 0.0000; 0.0000; 1.0000; 0.0000; 0.0000; 0.00; 0.00; 0.00; 0.00; 0.00; 0.00; 0.00; 0.00; 0.00; 0; -0.0020; 0.0001; 0.9944; 14.4892; 0.0006; 6.3287; 2.4943; 0.0001; 1.1163
18; 1.0000; 0.0000; 0.0000; 0.0000; 0.4196; 0.2903; 0.0050; 0.4962; 147049.27; 1879.98; 187997.52; 147049.27; 18.80; 187997.52; 0.0000; 0.0000; 0.0000; 1.0000; 0.0000; 0.0000; 0.00; 0.00; 0.00; 0.00; 0.00; 0.00; 0.00; 0.00; 0.00; 0; -0.0023; 0.0001; 0.9980; 14.5857; 0.0006; 6.4075; 2.5150; 0.0001; 1.1191
19; 1.0000; 0.0000; 0.0000; 0.0000; 0.4196; 0.2770; 0.0051; 0.5103; 172946.43; 2017.45; 201745.45; 172946.43; 20.17; 201745.45; 0.0000; 0.0000; 0.0000; 1.0000; 0.0000; 0.0000; 0.00; 0.00; 0.00; 0.00; 0.00; 0.00; 0.00; 0.00; 0.00; 0; -0.0087; 0.0001; 0.9983; 14.5718; 0.0006; 6.3607; 2.5136; 0.0001; 1.1158
20; 1.0000; 0.0000; 0.0000; 0.0000; 0.4196; 0.2867; 0.0050; 0.5024; 202009.63; 2162.71; 216271.35; 202009.63; 21.63; 216271.35; 0.0000; 0.0000; 0.0000; 1.0000; 0.0000; 0.0000; 0.00; 0.00; 0.00; 0.00; 0.00; 0.00; 0.00; 0.00; 0.00; 0; 0.0071; 0.0001; 1.0125; 14.4868; 0.0006; 6.3655; 2.4831; 0.0001; 1.1181
21; 1.0000; 0.0000; 0.0000; 0.0000; 0.4196; 0.2805; 0.0051; 0.5121; 228383.94; 2248.03; 224803.27; 228383.94; 22.48; 224803.27; 0.0000; 0.0000; 0.0000; 1.0000; 0.0000; 0.0000; 0.00; 0.00; 0.00; 0.00; 0.00; 0.00; 0.00; 0.00; 0.00; 0; -0.0034; 0.0001; 0.9861; 14.4635; 0.0006; 6.3068; 2.5014; 0.0001; 1.1138
22; 1.0000; 0.0000; 0.0000; 0.0000; 0.4196; 0.2720; 0.0051; 0.5087; 254528.69; 2318.93; 231893.10; 254528.69; 23.19; 231893.10; 0.0000; 0.0000; 0.0000; 1.0000; 0.0000; 0.0000; 0.00; 0.00; 0.00; 0.00; 0.00; 0.00; 0.00; 0.00; 0.00; 0; -0.0038; 0.0001; 0.9996; 14.4907; 0.0006; 6.2872; 2.5006; 0.0001; 1.1111
23; 1.0000; 0.0000; 0.0000; 0.0000; 0.4196; 0.2883; 0.0050; 0.5037; 279705.17; 2348.34; 234833.98; 279705.17; 23.48; 234833.98; 0.0000; 0.0000; 0.0000; 1.0000; 0.0000; 0.0000; 0.00; 0.00; 0.00; 0.00; 0.00; 0.00; 0.00; 0.00; 0.00; 0; -0.0149; 0.0001; 1.0140; 14.4895; 0.0006; 6.3552; 2.5200; 0.0001; 1.1121
24; 1.0000; 0.0000; 0.0000; 0.0000; 0.4196; 0.2831; 0.0050; 0.5027; 305251.07; 2371.01; 237101.34; 305251.07; 23.71; 237101.34; 0.0000; 0.0000; 0.0000; 1.0000; 0.0000; 0.0000; 0.00; 0.00; 0.00; 0.00; 0.00; 0.00; 0.00; 0.00; 0.00; 0; -0.0038; 0.0001; 1.0092; 14.5370; 0.0006; 6.3329; 2.5110; 0.0001; 1.1187
25; 1.0000; 0.0000; 0.0000; 0.0000; 0.4196; 0.2688; 0.0051; 0.5119; 325369.26; 2365.19; 236518.95; 325369.26; 23.65; 236518.95; 0.0000; 0.0000; 0.0000; 1.0000; 0.0000; 0.0000; 0.00; 0.00; 0.00; 0.00; 0.00; 0.00; 0.00; 0.00; 0.00; 0; -0.0017; 0.0001; 1.0067; 14.4147; 0.0006; 6.3787; 2.5130; 0.0001; 1.1228
26; 1.0000; 0.0000; 0.0000; 0.0000; 0.4196; 0.2750; 0.0051; 0.5113; 344859.77; 2353.89; 235388.94; 344859.77; 23.54; 235388.94; 0.0000; 0.0000; 0.0000; 1.0000; 0.0000; 0.0000; 0.00; 0.00; 0.00; 0.00; 0.00; 0.00; 0.00; 0.00; 0.00; 0; 0.0009; 0.0001; 1.0040; 14.5916; 0.0006; 6.3338; 2.5263; 0.0001; 1.1083
27; 1.0000; 0.0000; 0.0000; 0.0000; 0.4196; 0.2796; 0.0051; 0.5064; 364047.68; 2334.92; 233492.24; 364047.68; 23.35; 233492.24; 0.0000; 0.0000; 0.0000; 1.0000; 0.0000; 0.0000; 0.00; 0.00; 0.00; 0.00; 0.00; 0.00; 0.00; 0.00; 0.00; 0; -0.0060; 0.0001; 1.0030; 14.4619; 0.0006; 6.3293; 2.5104; 0.0001; 1.1195
28; 1.0000; 0.0000; 0.0000; 0.0000; 0.4196; 0.2954; 0.0050; 0.4996; 383190.23; 2289.71; 228970.87; 383190.23; 22.90; 228970.87; 0.0000; 0.0000; 0.0000; 1.0000; 0.0000; 0.0000; 0.00; 0.00; 0.00; 0.00; 0.00; 0.00; 0.00; 0.00; 0.00; 0; 0.0011; 0.0001; 1.0093; 14.5647; 0.0006; 6.3258; 2.5046; 0.0001; 1.1140
29; 1.0000; 0.0000; 0.0000; 0.0000; 0.4196; 0.2824; 0.0050; 0.5027; 396306.55; 2239.33; 223933.12; 396306.55; 22.39; 223933.12; 0.0000; 0.0000; 0.0000; 1.0000; 0.0000; 0.0000; 0.00; 0.00; 0.00; 0.00; 0.00; 0.00; 0.00; 0.00; 0.00; 0; 0.0109; 0.0001; 1.0013; 14.6298; 0.0006; 6.3419; 2.5255; 0.0001; 1.1152
30; 1.0000; 0.0000; 0.0000; 0.0000; 0.4196; 0.2789; 0.0051; 0.5051; 408406.19; 2197.86; 219786.25; 408406.19; 21.98; 219786.25; 0.0000; 0.0000; 0.0000; 1.0000; 0.0000; 0.0000; 0.00; 0.00; 0.00; 0.00; 0.00; 0.00; 0.00; 0.00; 0.00; 0; 0.0048; 0.0001; 0.9954; 14.5169; 0.0006; 6.3539; 2.4817; 0.0001; 1.1163
31; 1.0000; 0.0000; 0.0000; 0.0000; 0.4196; 0.2749; 0.0050; 0.5047; 418645.52; 2151.74; 215173.52; 418645.52; 21.52; 215173.52; 0.0000; 0.0000; 0.0000; 1.0000; 0.0000; 0.0000; 0.00; 0.00; 0.00; 0.00; 0.00; 0.00; 0.00; 0.00; 0.00; 0; 0.0006; 0.0001; 0.9959; 14.5752; 0.0006; 6.3838; 2.5065; 0.0001; 1.1111
32; 1.0000; 0.0000; 0.0000; 0.0000; 0.4196; 0.2772; 0.0050; 0.5043; 428934.64; 2112.55; 211254.80; 428934.64; 21.13; 211254.80; 0.0000; 0.0000; 0.0000; 1.0000; 0.0000; 0.0000; 0.00; 0.00; 0.00; 0.00; 0.00; 0.00; 0.00; 0.00; 0.00; 0; -0.0126; 0.0001; 1.0003; 14.4358; 0.0006; 6.3395; 2.5059; 0.0001; 1.1166
33; 1.0000; 0.0000; 0.0000; 0.0000; 0.4196; 0.2828; 0.0050; 0.5009; 438486.98; 2062.12; 206211.64; 438486.98; 20.62; 206211.64; 0.0000; 0.0000; 0.0000; 1.0000; 0.0000; 0.0000; 0.00; 0.00; 0.00; 0.00; 0.00; 0.00; 0.00; 0.00; 0.00; 0; 0.0076; 0.0001; 0.9918; 14.5124; 0.0006; 6.3286; 2.5165; 0.0001; 1.1189
34; 1.0000; 0.0000; 0.0000; 0.0000; 0.4196; 0.2668; 0.0051; 0.5120; 444995.81; 2027.48; 202748.42; 444995.81; 20.27; 202748.42; 0.0000; 0.0000; 0.0000; 1.0000; 0.0000; 0.0000; 0.00; 0.00; 0.00; 0.00; 0.00; 0.00; 0.00; 0.00; 0.00; 0; -0.0120; 0.0001; 0.9996; 14.4715; 0.0006; 6.3316; 2.5179; 0.0001; 1.1209
35; 1.0000; 0.0000; 0.0000; 0.0000; 0.4196; 0.2849; 0.0050; 0.4984; 452773.25; 1973.33; 197332.63; 452773.25; 19.73; 197332.63; 0.0000; 0.0000; 0.0000; 1.0000; 0.0000; 0.0000; 0.00; 0.00; 0.00; 0.00; 0.00; 0.00; 0.00; 0.00; 0.00; 0; -0.0007; 0.0001; 1.0128; 14.3817; 0.0006; 6.4008; 2.5032; 0.0001; 1.1162
36; 1.0000; 0.0000; 0.0000; 0.0000; 0.4196; 0.2711; 0.0051; 0.5146; 458033.95; 1946.88; 194687.81; 458033.95; 19.47; 194687.81; 0.0000; 0.0000; 0.0000; 1.0000; 0.0000; 0.0000; 0.00; 0.00; 0.00; 0.00; 0.00; 0.00; 0.00; 0.00; 0.00; 0; -0.0096; 0.0001; 1.0038; 14.5682; 0.0006; 6.3378; 2.5061; 0.0001; 1.1195
37; 1.0000; 0.0000; 0.0000; 0.0000; 0.4196; 0.2647; 0.0051; 0.5091; 461234.61; 1921.68; 192167.58; 461234.61; 19.22; 192167.58; 0.0000; 0.0000; 0.0000; 1.0000; 0.0000; 0.0000; 0.00; 0.00; 0.00; 0.00; 0.00; 0.00; 0.00; 0.00; 0.00; 0; -0.0150; 0.0001; 0.9976; 14.5619; 0.0006; 6.3236; 2.4950; 0.0001; 1.1182
38; 1.0000; 0.0000; 0.0000; 0.0000; 0.4196; 0.2779; 0.0050; 0.5046; 465829.48; 1880.15; 188014.77; 465829.48; 18.80; 188014.77; 0.0000; 0.0000; 0.0000; 1.0000; 0.0000; 0.0000; 0.00; 0.00; 0.00; 0.00; 0.00; 0.00; 0.00; 0.00; 0.00; 0; 0.0032; 0.0001; 0.9977; 14.4677; 0.0006; 6.3550; 2.5075; 0.0001; 1.1197
39; 1.0000; 0.0000; 0.0000; 0.0000; 0.4196; 0.2844; 0.0050; 0.4955; 472063.38; 1841.66; 184166.14; 472063.38; 18.42; 184166.14; 0.0000; 0.0000; 0.0000; 1.0000; 0.0000; 0.0000; 0.00; 0.00; 0.00; 0.00; 0.00; 0.00; 0.00; 0.00; 0.00; 0; 0.0203; 0.0001; 0.9944; 14.4705; 0.0006; 6.3414; 2.4993; 0.0001; 1.1173
40; 1.0000; 0.0000; 0.0000; 0.0000; 0.4196; 0.2846; 0.0050; 0.5041; 476348.35; 1814.54; 181453.93; 476348.35; 18.15; 181453.93; 0.0000; 0.0000; 0.0000; 1.0000; 0.0000; 0.0000; 0.00; 0.00; 0.00; 0.00; 0.00; 0.00; 0.00; 0.00; 0.00; 0; 0.0043; 0.0001; 0.9960; 14.5069; 0.0006; 6.3203; 2.4875; 0.0001; 1.1108
41; 1.0000; 0.0000; 0.0000; 0.0000; 0.4196; 0.2858; 0.0050; 0.4987; 481060.19; 1780.66; 178066.42; 481060.19; 17.81; 178066.42; 0.0000; 0.0000; 0.0000; 1.0000; 0.0000; 0.0000; 0.00; 0.00; 0.00; 0.00; 0.00; 0.00; 0.00; 0.00; 0.00; 0; 0.0062; 0.0001; 1.0082; 14.6932; 0.0006; 6.3615; 2.4985; 0.0001; 1.1124
42; 1.0000; 0.0000; 0.0000; 0.0000; 0.4196; 0.2882; 0.0050; 0.5026; 484298.90; 1764.70; 176470.18; 484298.90; 17.65; 176470.18; 0.0000; 0.0000; 0.0000; 1.0000; 0.0000; 0.0000; 0.00; 0.00; 0.00; 0.00; 0.00; 0.00; 0.00; 0.00; 0.00; 0; -0.0024; 0.0001; 0.9984; 14.4644; 0.0006; 6.3506; 2.5039; 0.0001; 1.1148
43; 1.0000; 0.0000; 0.0000; 0.0000; 0.4196; 0.2936; 0.0049; 0.4944; 487739.67; 1734.52; 173451.51; 487739.67; 17.35; 173451.51; 0.0000; 0.0000; 0.0000; 1.0000; 0.0000; 0.0000; 0.00; 0.00; 0.00; 0.00; 0.00; 0.00; 0.00; 0.00; 0.00; 0; -0.0004; 0.0001; 0.9992; 14.4558; 0.0006; 6.3099; 2.4991; 0.0001; 1.1197
44; 1.0000; 0.0000; 0.0000; 0.0000; 0.4196; 0.2811; 0.0050; 0.5019; 488061.67; 1722.97; 172297.12; 488061.67; 17.23; 172297.12; 0.0000; 0.0000; 0.0000; 1.0000; 0.0000; 0.0000; 0.00; 0.00; 0.00; 0.00; 0.00; 0.00; 0.00; 0.00; 0.00; 0; 0.0071; 0.0001; 1.0072; 14.4631; 0.0006; 6.3667; 2.5093; 0.0001; 1.1151
45; 1.0000; 0.0000; 0.0000; 0.0000; 0.4196; 0.2796; 0.0050; 0.5050; 487461.28; 1711.04; 171104.19; 487461.28; 17.11; 171104.19; 0.0000; 0.0000; 0.0000; 1.0000; 0.0000; 0.0000; 0.00; 0.00; 0.00; 0.00; 0.00; 0.00; 0.00; 0.00; 0.00; 0; 0.0024; 0.0001; 0.9994; 14.3957; 0.0006; 6.3956; 2.4934; 0.0001; 1.1151
46; 1.0000; 0.0000; 0.0000; 0.0000; 0.4196; 0.2847; 0.0050; 0.4963; 489863.68; 1695.57; 169556.55; 489863.68; 16.96; 169556.55; 0.0000; 0.0000; 0.0000; 1.0000; 0.0000; 0.0000; 0.00; 0.00; 0.00; 0.00; 0.00; 0.00; 0.00; 0.00; 0.00; 0; -0.0009; 0.0001; 1.0031; 14.4919; 0.0006; 6.3356; 2.4971; 0.0001; 1.1207
47; 1.0000; 0.0000; 0.0000; 0.0000; 0.4196; 0.2841; 0.0050; 0.5029; 491748.19; 1690.59; 169058.86; 491748.19; 16.91; 169058.86; 0.0000; 0.0000; 0.0000; 1.0000; 0.0000; 0.0000; 0.00; 0.00; 0.00; 0.00; 0.00; 0.00; 0.00; 0.00; 0.00; 0; 0.0167; 0.0001; 0.9964; 14.3675; 0.0006; 6.3627; 2.5020; 0.0001; 1.1223
48; 1.0000; 0.0000; 0.0000; 0.0000; 0.4196; 0.2841; 0.0051; 0.5072; 492573.07; 1685.92; 168592.46; 492573.07; 16.86; 168592.46; 0.0000; 0.0000; 0.0000; 1.0000; 0.0000; 0.0000; 0.00; 0.00; 0.00; 0.00; 0.00; 0.00; 0.00; 0.00; 0.00; 0; 0.0259; 0.0001; 0.9999; 14.4863; 0.0006; 6.3332; 2.5127; 0.0001; 1.1152
49; 1.0000; 0.0000; 0.0000; 0.0000; 0.4196; 0.2895; 0.0050; 0.5040; 494798.92; 1665.38; 166537.91; 494798.92; 16.65; 166537.91; 0.0000; 0.0000; 0.0000; 1.0000; 0.0000; 0.0000; 0.00; 0.00; 0.00; 0.00; 0.00; 0.00; 0.00; 0.00; 0.00; 0; 0.0104; 0.0001; 0.9997; 14.4856; 0.0006; 6.3015; 2.4955; 0.0001; 1.1171
50; 1.0000; 0.0000; 0.0000; 0.0000; 0.4196; 0.2768; 0.0051; 0.5068; 494684.58; 1667.12; 166712.15; 494684.58; 16.67; 166712.15; 0.0000; 0.0000; 0.0000; 1.0000; 0.0000; 0.0000; 0.00; 0.00; 0.00; 0.00; 0.00; 0.00; 0.00; 0.00; 0.00; 0; 0.0127; 0.0001; 1.0110; 14.4567; 0.0006; 6.3643; 2.4944; 0.0001; 1.1123
Population 3: RWA
0; 1.0000; 0.0000; 0.0000; 0.0000; 0.5247;      0;      0;      0; 0.00; 0.00; 0.00; 0.00; 0.00; 0.00; 0.0000; 0.0000; 0.0000; 1.0000; 0.0000; 0.0000; 0.00; 0.00; 0.00; 0.00; 0.00; 0.00; 0.00; 0.00; 0.00; 0; 0.0162; 0.0001; 0.9995; 14.4856; 0.0006; 6.3456; 2.4947; 0.0001; 1.1225
1; 0.0000; 0.0000; 1.0000; 0.0000; 0.5247;      0;      0;      0; 0.00; 0.00; 0.00; 0.00; 0.00; 0.00; 0.0000; 0.0000; 0.0000; 1.0000; 0.0000; 0.0000; 0.00; 0.00; 0.00; 0.00; 0.00; 0.00; 1.00; 0.00; 0.00; 1; 0.0059; 0.0001; 1.0033; 14.4918; 0.0006; 6.3874; 2.5096; 0.0001; 1.1189
2; 0.0000; 0.0000; 0.0000; 0.0000; 0.5247;      0;      0;      0; 0.00; 0.00; 0.00; 0.00; 0.00; 0.00; 0.0000; 0.0000; 0.0000; 1.0000; 0.0000; 0.0000; 0.00; 0.00; 0.00; 0.00; 0.00; 0.00; 1.00; 0.00; 0.00; 1; 0.0013; 0.0001; 1.0180; 14.4478; 0.0006; 6.2893; 2.5040; 0.0001; 1.1133
3; 0.0115; 0.0011; 0.0000; 0.0000; 0.5247;      0;      0;      0; 108.31; 3.19; 34.17; 1.25; 0.00; 12.11; 0.0000; 0.0000; 0.0000; 1.0000; 0.0000; 0.0000; 0.00; 0.00; 0.00; 0.00; 0.00; 0.00; 1.00; 0.00; 0.00; 1; -0.0035; 0.0001; 0.9976; 14.5380; 0.0006; 6.3616; 2.5024; 0.0001; 1.1127
4; 0.1131; 0.0032; 0.0000; 0.0000; 0.5247; 0.9972; 0.0504; 0.5402; 142.07; 2.66; 89.54; 16.07; 0.01; 54.14; 0.0000; 0.0000; 0.0000; 1.0000; 0.0000; 0.0000; 0.00; 0.00; 0.00; 0.00; 0.00; 0.00; 1.00; 0.00; 0.00; 1; -0.0064; 0.0001; 0.9871; 14.4064; 0.0006; 6.3005; 2.5001; 0.0001; 1.1269
5; 0.2872; 0.0045; 0.0000; 0.0000; 0.5247; 1.0280; 0.0170; 0.5705; 241.11; 4.01; 214.70; 69.25; 0.02; 158.55; 0.0000; 0.0000; 0.0000; 1.0000; 0.0000; 0.0000; 0.00; 0.00; 0.00; 0.00; 0.00; 0.00; 1.00; 0.00; 0.00; 1; -0.0016; 0.0001; 1.0053; 14.5534; 0.0006; 6.3448; 2.4947; 0.0001; 1.1122
6; 0.4547; 0.0050; 0.0000; 0.0000; 0.5247; 0.9639; 0.0100; 0.5346; 442.51; 7.01; 472.61; 201.21; 0.04; 387.44; 0.0000; 0.0000; 0.0000; 1.0000; 0.0000; 0.0000; 0.00; 0.00; 0.00; 0.00; 0.00; 0.00; 1.00; 0.00; 0.00; 1; 0.0071; 0.0001; 0.9950; 14.4554; 0.0006; 6.3757; 2.5065; 0.0001; 1.1144
7; 0.5968; 0.0049; 0.0000; 0.0000; 0.5247; 0.8609; 0.0076; 0.5154; 810.56; 13.10; 1012.08; 483.74; 0.09; 877.14; 0.0000; 0.0000; 0.0000; 1.0000; 0.0000; 0.0000; 0.00; 0.00; 0.00; 0.00; 0.00; 0.00; 1.00; 0.00; 0.00; 1; -0.0014; 0.0001; 0.9958; 14.5305; 0.0006; 6.3793; 2.5001; 0.0001; 1.1086
8; 0.7030; 0.0046; 0.0000; 0.0000; 0.5247; 0.8066; 0.0064; 0.4962; 1499.80; 24.88; 2086.02; 1054.36; 0.19; 1878.47; 0.0000; 0.0000; 0.0000; 1.0000; 0.0000; 0.0000; 0.00; 0.00; 0.00; 0.00; 0.00; 0.00; 1.00; 0.00; 0.00; 1; -0.0030; 0.0001; 1.0144; 14.4989; 0.0006; 6.2909; 2.5151; 0.0001; 1.1125
9; 0.7816; 0.0041; 0.0000; 0.0000; 0.5247; 0.7314; 0.0057; 0.4767; 2763.14; 48.86; 4319.32; 2159.67; 0.40; 3985.59; 0.0000; 0.0000; 0.0000; 1.0000; 0.0000; 0.0000; 0.00; 0.00; 0.00; 0.00; 0.00; 0.00; 1.00; 0.00; 0.00; 1; -0.0007; 0.0001; 0.9981; 14.4706; 0.0006; 6.3788; 2.4908; 0.0001; 1.1185
10; 0.8371; 0.0037; 0.0000; 0.0000; 0.5247; 0.6885; 0.0053; 0.4662; 5033.40; 92.85; 8495.25; 4213.46; 0.80; 7991.67; 0.0000; 0.0000; 0.0000; 1.0000; 0.0000; 0.0000; 0.00; 0.00; 0.00; 0.00; 0.00; 0.00; 1.00; 0.00; 0.00; 1; -0.0014; 0.0001; 1.0036; 14.4641; 0.0006; 6.3094; 2.4799; 0.0001; 1.1221
11; 0.8774; 0.0033; 0.0000; 0.0000; 0.5247; 0.6365; 0.0050; 0.4615; 8981.15; 172.95; 16199.96; 7880.06; 1.55; 15457.62; 0.0000; 0.0000; 0.0000; 1.0000; 0.0000; 0.0000; 0.00; 0.00; 0.00; 0.00; 0.00; 0.00; 1.00; 0.00; 0.00; 1; 0.0131; 0.0001; 0.9948; 14.5538; 0.0006; 6.3290; 2.5031; 0.0001; 1.1138
12; 0.9054; 0.0029; 0.0000; 0.0000; 0.5247; 0.6086; 0.0049; 0.4557; 15826.31; 315.04; 29976.81; 14329.14; 2.89; 28897.19; 0.0000; 0.0000; 0.0000; 1.0000; 0.0000; 0.0000; 0.00; 0.00; 0.00; 0.00; 0.00; 0.00; 1.00; 0.00; 0.00; 1; 0.0103; 0.0001; 0.9869; 14.4802; 0.0006; 6.3899; 2.5115; 0.0001; 1.1129
13; 0.9304; 0.0025; 0.0000; 0.0000; 0.5247; 0.5821; 0.0047; 0.4475; 28321.85; 623.36; 60127.14; 26350.65; 5.84; 58442.89; 0.0000; 0.0000; 0.0000; 1.0000; 0.0000; 0.0000; 0.00; 0.00; 0.00; 0.00; 0.00; 0.00; 1.00; 0.00; 0.00; 1; 0.0012; 0.0001; 0.9954; 14.4442; 0.0006; 6.3420; 2.5040; 0.0001; 1.1202
14; 0.9483; 0.0022; 0.0000; 0.0000; 0.5247; 0.5604; 0.0046; 0.4450; 49374.95; 1116.59; 108734.52; 46822.26; 10.64; 106449.09; 0.0000; 0.0000; 0.0000; 1.0000; 0.0000; 0.0000; 0.00; 0.00; 0.00; 0.00; 0.00; 0.00; 1.00; 0.00; 0.00; 1; 0.0086; 0.0001; 0.9978; 14.5394; 0.0006; 6.3578; 2.5073; 0.0001; 1.1224
15; 0.9638; 0.0019; 0.0000; 0.0000; 0.5247; 0.5451; 0.0045; 0.4429; 87638.69; 2138.72; 209965.52; 84466.17; 20.68; 206778.77; 0.0000; 0.0000; 0.0000; 1.0000; 0.0000; 0.0000; 0.00; 0.00; 0.00; 0.00; 0.00; 0.00; 1.00; 0.00; 0.00; 1; 0.0042; 0.0001; 0.9993; 14.4408; 0.0006; 6.3543; 2.4818; 0.0001; 1.1196
16; 0.9733; 0.0016; 0.0000; 0.0000; 0.5247; 0.5327; 0.0044; 0.4364; 151322.92; 3743.02; 369270.96; 147282.59; 36.51; 365123.23; 0.0000; 0.0000; 0.0000; 1.0000; 0.0000; 0.0000; 0.00; 0.00; 0.00; 0.00; 0.00; 0.00; 1.00; 0.00; 0.00; 1; -0.0001; 0.0001; 0.9934; 14.5204; 0.0006; 6.3602; 2.4910; 0.0001; 1.1222
17; 0.9793; 0.0014; 0.0000; 0.0000; 0.5247; 0.5133; 0.0045; 0.4405; 259886.90; 6592.43; 652384.13; 254507.24; 64.67; 646655.58; 0.0000; 0.0000; 0.0000; 1.0000; 0.0000; 0.0000; 0.00; 0.00; 0.00; 0.00; 0.00; 0.00; 1.00; 0.00; 0.00; 1; -0.0020; 0.0001; 0.9944; 14.4892; 0.0006; 6.3287; 2.4943; 0.0001; 1.1163
18; 0.9840; 0.0013; 0.0000; 0.0000; 0.5247; 0.5054; 0.0045; 0.4439; 434858.46; 10490.68; 1040641.12; 427900.72; 103.37; 1033722.78; 0.0000; 0.0000; 0.0000; 1.0000; 0.0000; 0.0000; 0.00; 0.00; 0.00; 0.00; 0.00; 0.00; 1.00; 0.00; 0.00; 1; -0.0023; 0.0001; 0.9980; 14.5857; 0.0006; 6.4075; 2.5150; 0.0001; 1.1191
19; 0.9872; 0.0011; 0.0000; 0.0000; 0.5247; 0.4980; 0.0044; 0.4334; 700647.74; 15366.87; 1526820.52; 691679.45; 151.91; 1519059.77; 0.0000; 0.0000; 0.0000; 1.0000; 0.0000; 0.0000; 0.00; 0.00; 0.00; 0.00; 0.00; 0.00; 1.00; 0.00; 0.00; 1; -0.0087; 0.0001; 0.9983; 14.5718; 0.0006; 6.3607; 2.5136; 0.0001; 1.1158
20; 0.9905; 0.0010; 0.0000; 0.0000; 0.5247; 0.4788; 0.0044; 0.4401; 1068639.31; 20742.57; 2064380.78; 1058487.24; 205.72; 2057164.32; 0.0000; 0.0000; 0.0000; 1.0000; 0.0000; 0.0000; 0.00; 0.00; 0.00; 0.00; 0.00; 0.00; 1.00; 0.00; 0.00; 1; 0.0071; 0.0001; 1.0125; 14.4868; 0.0006; 6.3655; 2.4831; 0.0001; 1.1181
21; 0.9925; 0.0009; 0.0000; 0.0000; 0.5247; 0.4819; 0.0044; 0.4392; 1552949.95; 26303.13; 2620430.57; 1541302.83; 261.40; 2614020.82; 0.0000; 0.0000; 0.0000; 1.0000; 0.0000; 0.0000; 0.00; 0.00; 0.00; 0.00; 0.00; 0.00; 1.00; 0.00; 0.00; 1; -0.0034; 0.0001; 0.9861; 14.4635; 0.0006; 6.3068; 2.5014; 0.0001; 1.1138
22; 0.9942; 0.0008; 0.0000; 0.0000; 0.5247; 0.4690; 0.0044; 0.4398; 2145978.29; 31701.53; 3160946.62; 2133531.62; 315.60; 3155976.01; 0.0000; 0.0000; 0.0000; 1.0000; 0.0000; 0.0000; 0.00; 0.00; 0.00; 0.00; 0.00; 0.00; 1.00; 0.00; 0.00; 1; -0.0038; 0.0001; 0.9996; 14.4907; 0.0006; 6.2872; 2.5006; 0.0001; 1.1111
23; 0.9952; 0.0007; 0.0000; 0.0000; 0.5247; 0.4790; 0.0043; 0.4327; 2835911.68; 36387.77; 3630033.47; 2822299.31; 362.66; 3626611.15; 0.0000; 0.0000; 0.0000; 1.0000; 0.0000; 0.0000; 0.00; 0.00; 0.00; 0.00; 0.00; 0.00; 1.00; 0.00; 0.00; 1; -0.0149; 0.0001; 1.0140; 14.4895; 0.0006; 6.3552; 2.5200; 0.0001; 1.1121
24; 0.9964; 0.0006; 0.0000; 0.0000; 0.5247; 0.4647; 0.0044; 0.4362; 3581310.83; 39932.81; 3986086.63; 3568418.11; 398.47; 3984682.19; 0.0000; 0.0000; 0.0000; 1.0000; 0.0000; 0.0000; 0.00; 0.00; 0.00; 0.00; 0.00; 0.00; 1.00; 0.00; 0.00; 1; -0.0038; 0.0001; 1.0092; 14.5370; 0.0006; 6.3329; 2.5110; 0.0001; 1.1187
25; 0.9974; 0.0005; 0.0000; 0.0000; 0.5247; 0.4591; 0.0044; 0.4396; 4375971.44; 42805.49; 4274980.30; 4364593.91; 427.52; 4275230.85; 0.0000; 0.0000; 0.0000; 1.0000; 0.0000; 0.0000; 0.00; 0.00; 0.00; 0.00; 0.00; 0.00; 1.00; 0.00; 0.00; 1; -0.0017; 0.0001; 1.0067; 14.4147; 0.0006; 6.3787; 2.5130; 0.0001; 1.1228
26; 0.9978; 0.0005; 0.0000; 0.0000; 0.5247; 0.4519; 0.0044; 0.4439; 5127886.01; 44099.84; 4405130.69; 5116604.66; 440.68; 4406836.59; 0.0000; 0.0000; 0.0000; 1.0000; 0.0000; 0.0000; 0.00; 0.00; 0.00; 0.00; 0.00; 0.00; 1.00; 0.00; 0.00; 1; 0.0009; 0.0001; 1.0040; 14.5916; 0.0006; 6.3338; 2.5263; 0.0001; 1.1083
27; 0.9986; 0.0004; 0.0000; 0.0000; 0.5247; 0.4550; 0.0044; 0.4381; 5848308.63; 44426.85; 4439573.62; 5840121.00; 444.19; 4441850.85; 0.0000; 0.0000; 0.0000; 1.0000; 0.0000; 0.0000; 0.00; 0.00; 0.00; 0.00; 0.00; 0.00; 1.00; 0.00; 0.00; 1; -0.0060; 0.0001; 1.0030; 14.4619; 0.0006; 6.3293; 2.5104; 0.0001; 1.1195
28; 0.9989; 0.0003; 0.0000; 0.0000; 0.5247; 0.4619; 0.0044; 0.4401; 6539257.12; 43897.81; 4387365.55; 6532063.94; 439.03; 4390306.54; 0.0000; 0.0000; 0.0000; 1.0000; 0.0000; 0.0000; 0.00; 0.00; 0.00; 0.00; 0.00; 0.00; 1.00; 0.00; 0.00; 1; 0.0011; 0.0001; 1.0093; 14.5647; 0.0006; 6.3258; 2.5046; 0.0001; 1.1140
29; 0.9994; 0.0002; 0.0000; 0.0000; 0.5247; 0.4515; 0.0044; 0.4361; 7158199.43; 42740.19; 4272736.42; 7153904.51; 427.50; 4275049.73; 0.0000; 0.0000; 0.0000; 1.0000; 0.0000; 0.0000; 0.00; 0.00; 0.00; 0.00; 0.00; 0.00; 1.00; 0.00; 0.00; 1; 0.0109; 0.0001; 1.0013; 14.6298; 0.0006; 6.3419; 2.5255; 0.0001; 1.1152
30; 0.9995; 0.0002; 0.0000; 0.0000; 0.5247; 0.4522; 0.0044; 0.4429; 7676728.18; 40952.36; 4094211.56; 7672889.81; 409.68; 4096784.17; 0.0000; 0.0000; 0.0000; 1.0000; 0.0000; 0.0000; 0.00; 0.00; 0.00; 0.00; 0.00; 0.00; 1.00; 0.00; 0.00; 1; 0.0048; 0.0001; 0.9954; 14.5169; 0.0006; 6.3539; 2.4817; 0.0001; 1.1163
31; 0.9995; 0.0002; 0.0000; 0.0000; 0.5247; 0.4408; 0.0044; 0.4423; 8134957.63; 39258.83; 3924901.38; 8130890.15; 392.81; 3928132.27; 0.0000; 0.0000; 0.0000; 1.0000; 0.0000; 0.0000; 0.00; 0.00; 0.00; 0.00; 0.00; 0.00; 1.00; 0.00; 0.00; 1; 0.0006; 0.0001; 0.9959; 14.5752; 0.0006; 6.3838; 2.5065; 0.0001; 1.1111
32; 0.9995; 0.0002; 0.0000; 0.0000; 0.5247; 0.4468; 0.0044; 0.4422; 8510011.71; 36947.60; 3693836.55; 8505756.71; 369.78; 3697810.32; 0.0000; 0.0000; 0.0000; 1.0000; 0.0000; 0.0000; 0.00; 0.00; 0.00; 0.00; 0.00; 0.00; 1.00; 0.00; 0.00; 1; -0.0126; 0.0001; 1.0003; 14.4358; 0.0006; 6.3395; 2.5059; 0.0001; 1.1166
33; 0.9996; 0.0002; 0.0000; 0.0000; 0.5247; 0.4445; 0.0044; 0.4399; 8811608.17; 34607.20; 3460027.44; 8808083.53; 346.38; 3463820.02; 0.0000; 0.0000; 0.0000; 1.0000; 0.0000; 0.0000; 0.00; 0.00; 0.00; 0.00; 0.00; 0.00; 1.00; 0.00; 0.00; 1; 0.0076; 0.0001; 0.9918; 14.5124; 0.0006; 6.3286; 2.5165; 0.0001; 1.1189
34; 0.9998; 0.0001; 0.0000; 0.0000; 0.5247; 0.4361; 0.0045; 0.4461; 9089415.15; 32633.51; 3263025.02; 9087597.26; 326.52; 3265229.61; 0.0000; 0.0000; 0.0000; 1.0000; 0.0000; 0.0000; 0.00; 0.00; 0.00; 0.00; 0.00; 0.00; 1.00; 0.00; 0.00; 1; -0.0120; 0.0001; 0.9996; 14.4715; 0.0006; 6.3316; 2.5179; 0.0001; 1.1209
35; 0.9998; 0.0001; 0.0000; 0.0000; 0.5247; 0.4505; 0.0044; 0.4406; 9311889.73; 30502.71; 3049966.24; 9310027.36; 305.25; 3052502.90; 0.0000; 0.0000; 0.0000; 1.0000; 0.0000; 0.0000; 0.00; 0.00; 0.00; 0.00; 0.00; 0.00; 1.00; 0.00; 0.00; 1; -0.0007; 0.0001; 1.0128; 14.3817; 0.0006; 6.4008; 2.5032; 0.0001; 1.1162
36; 0.9999; 0.0001; 0.0000; 0.0000; 0.5247; 0.4448; 0.0044; 0.4425; 9485522.67; 28840.73; 2883928.47; 9484574.12; 288.53; 2885343.85; 0.0000; 0.0000; 0.0000; 1.0000; 0.0000; 0.0000; 0.00; 0.00; 0.00; 0.00; 0.00; 0.00; 1.00; 0.00; 0.00; 1; -0.0096; 0.0001; 1.0038; 14.5682; 0.0006; 6.3378; 2.5061; 0.0001; 1.1195
37; 0.9999; 0.0001; 0.0000; 0.0000; 0.5247; 0.4389; 0.0044; 0.4406; 9635974.41; 27301.26; 2729989.46; 9635010.81; 273.16; 2731553.10; 0.0000; 0.0000; 0.0000; 1.0000; 0.0000; 0.0000; 0.00; 0.00; 0.00; 0.00; 0.00; 0.00; 1.00; 0.00; 0.00; 1; -0.0150; 0.0001; 0.9976; 14.5619; 0.0006; 6.3236; 2.4950; 0.0001; 1.1182
38; 1.0000; 0.0000; 0.0000; 0.0000; 0.5247; 0.4367; 0.0045; 0.4535; 9714063.72; 26237.02; 2623702.32; 9714063.72; 262.37; 2623702.32; 0.0000; 0.0000; 0.0000; 1.0000; 0.0000; 0.0000; 0.00; 0.00; 0.00; 0.00; 0.00; 0.00; 1.00; 0.00; 0.00; 1; 0.0032; 0.0001; 0.9977; 14.4677; 0.0006; 6.3550; 2.5075; 0.0001; 1.1197
39; 1.0000; 0.0000; 0.0000; 0.0000; 0.5247; 0.4412; 0.0045; 0.4473; 9792432.25; 25054.18; 2505418.27; 9792432.25; 250.54; 2505418.27; 0.0000; 0.0000; 0.0000; 1.0000; 0.0000; 0.0000; 0.00; 0.00; 0.00; 0.00; 0.00; 0.00; 1.00; 0.00; 0.00; 1; 0.0203; 0.0001; 0.9944; 14.4705; 0.0006; 6.3414; 2.4993; 0.0001; 1.1173
40; 1.0000; 0.0000; 0.0000; 0.0000; 0.5247; 0.4527; 0.0044; 0.4389; 9874090.01; 23831.32; 2383131.88; 9874090.01; 238.31; 2383131.88; 0.0000; 0.0000; 0.0000; 1.0000; 0.0000; 0.0000; 0.00; 0.00; 0.00; 0.00; 0.00; 0.00; 1.00; 0.00; 0.00; 1; 0.0043; 0.0001; 0.9960; 14.5069; 0.0006; 6.3203; 2.4875; 0.0001; 1.1108
41; 1.0000; 0.0000; 0.0000; 0.0000; 0.5247; 0.4454; 0.0044; 0.4412; 9940180.71; 22934.88; 2293488.38; 9940180.71; 229.35; 2293488.38; 0.0000; 0.0000; 0.0000; 1.0000; 0.0000; 0.0000; 0.00; 0.00; 0.00; 0.00; 0.00; 0.00; 1.00; 0.00; 0.00; 1; 0.0062; 0.0001; 1.0082; 14.6932; 0.0006; 6.3615; 2.4985; 0.0001; 1.1124
42; 1.0000; 0.0000; 0.0000; 0.0000; 0.5247; 0.4474; 0.0044; 0.4384; 10010256.92; 22137.96; 2213795.65; 10010256.92; 221.38; 2213795.65; 0.0000; 0.0000; 0.0000; 1.0000; 0.0000; 0.0000; 0.00; 0.00; 0.00; 0.00; 0.00; 0.00; 1.00; 0.00; 0.00; 1; -0.0024; 0.0001; 0.9984; 14.4644; 0.0006; 6.3506; 2.5039; 0.0001; 1.1148
43; 1.0000; 0.0000; 0.0000; 0.0000; 0.5247; 0.4514; 0.0044; 0.4447; 10036524.38; 21626.47; 2162646.76; 10036524.38; 216.26; 2162646.76; 0.0000; 0.0000; 0.0000; 1.0000; 0.0000; 0.0000; 0.00; 0.00; 0.00; 0.00; 0.00; 0.00; 1.00; 0.00; 0.00; 1; -0.0004; 0.0001; 0.9992; 14.4558; 0.0006; 6.3099; 2.4991; 0.0001; 1.1197
44; 1.0000; 0.0000; 0.0000; 0.0000; 0.5247; 0.4461; 0.0044; 0.4383; 10063818.14; 21310.32; 2131032.12; 10063818.14; 213.10; 2131032.12; 0.0000; 0.0000; 0.0000; 1.0000; 0.0000; 0.0000; 0.00; 0.00; 0.00; 0.00; 0.00; 0.00; 1.00; 0.00; 0.00; 1; 0.0071; 0.0001; 1.0072; 14.4631; 0.0006; 6.3667; 2.5093; 0.0001; 1.1151
45; 1.0000; 0.0000; 0.0000; 0.0000; 0.5247; 0.4418; 0.0044; 0.4377; 10076339.87; 20962.60; 2096259.65; 10076339.87; 209.63; 2096259.65; 0.0000; 0.0000; 0.0000; 1.0000; 0.0000; 0.0000; 0.00; 0.00; 0.00; 0.00; 0.00; 0.00; 1.00; 0.00; 0.00; 1; 0.0024; 0.0001; 0.9994; 14.3957; 0.0006; 6.3956; 2.4934; 0.0001; 1.1151
46; 1.0000; 0.0000; 0.0000; 0.0000; 0.5247; 0.4432; 0.0045; 0.4472; 10076611.24; 20422.60; 2042260.29; 10076611.24; 204.23; 2042260.29; 0.0000; 0.0000; 0.0000; 1.0000; 0.0000; 0.0000; 0.00; 0.00; 0.00; 0.00; 0.00; 0.00; 1.00; 0.00; 0.00; 1; -0.0009; 0.0001; 1.0031; 14.4919; 0.0006; 6.3356; 2.4971; 0.0001; 1.1207
47; 1.0000; 0.0000; 0.0000; 0.0000; 0.5247; 0.4457; 0.0044; 0.4408; 10106174.11; 20364.83; 2036482.57; 10106174.11; 203.65; 2036482.57; 0.0000; 0.0000; 0.0000; 1.0000; 0.0000; 0.0000; 0.00; 0.00; 0.00; 0.00; 0.00; 0.00; 1.00; 0.00; 0.00; 1; 0.0167; 0.0001; 0.9964; 14.3675; 0.0006; 6.3627; 2.5020; 0.0001; 1.1223
48; 1.0000; 0.0000; 0.0000; 0.0000; 0.5247; 0.4481; 0.0044; 0.4389; 10109583.39; 20147.02; 2014702.44; 10109583.39; 201.47; 2014702.44; 0.0000; 0.0000; 0.0000; 1.0000; 0.0000; 0.0000; 0.00; 0.00; 0.00; 0.00; 0.00; 0.00; 1.00; 0.00; 0.00; 1; 0.0259; 0.0001; 0.9999; 14.4863; 0.0006; 6.3332; 2.5127; 0.0001; 1.1152
49; 1.0000; 0.0000; 0.0000; 0.0000; 0.5247; 0.4443; 0.0044; 0.4441; 10118401.03; 20077.46; 2007746.04; 10118401.03; 200.77; 2007746.04; 0.0000; 0.0000; 0.0000; 1.0000; 0.0000; 0.0000; 0.00; 0.00; 0.00; 0.00; 0.00; 0.00; 1.00; 0.00; 0.00; 1; 0.0104; 0.0001; 0.9997; 14.4856; 0.0006; 6.3015; 2.4955; 0.0001; 1.1171
50; 1.0000; 0.0000; 0.0000; 0.0000; 0.5247; 0.4432; 0.0043; 0.4333; 10161838.35; 19765.57; 1976557.44; 10161838.35; 197.66; 1976557.44; 0.0000; 0.0000; 0.0000; 1.0000; 0.0000; 0.0000; 0.00; 0.00; 0.00; 0.00; 0.00; 0.00; 1.00; 0.00; 0.00; 1; 0.0127; 0.0001; 1.0110; 14.4567; 0.0006; 6.3643; 2.4944; 0.0001; 1.1123
Metapopulation
0; 1.0000; 0.0000; 0.0000; 0.0000; 0.5049;      0;      0;      0; 742.00; 0.00; 0.00; 742.00; 0.00; 0.00; 0.0000; 0.0000; 0.0000; 1.0000; 0.0000; 0.0000; 0.00; 0.00; 0.00; 0.00; 0.00; 0.00; 0.00; 0.00; 0.00; 0; 0.0162; 0.0001; 0.9995; 14.4856; 0.0006; 6.3456; 2.4947; 0.0001; 1.1225
1; 1.0000; 0.0000; 0.0000; 0.0000; 0.5049; 0.2025; 0.0050; 0.5001; 1012.36; 4.26; 426.32; 1012.36; 0.04; 426.32; 0.0000; 0.0000; 0.0000; 1.0000; 0.0000; 0.0000; 0.00; 0.00; 0.00; 0.00; 0.00; 0.00; 0.00; 0.00; 0.00; 0; 0.0059; 0.0001; 1.0033; 14.4918; 0.0006; 6.3874; 2.5096; 0.0001; 1.1189
2; 1.0000; 0.0000; 0.0000; 0.0000; 0.5049; 0.2087; 0.0048; 0.4776; 1370.38; 8.29; 828.62; 1370.38; 0.08; 828.62; 0.0000; 0.0000; 0.0000; 1.0000; 0.0000; 0.0000; 0.00; 0.00; 0.00; 0.00; 0.00; 0.00; 0.00; 0.00; 0.00; 0; 0.0013; 0.0001; 1.0180; 14.4478; 0.0006; 6.2893; 2.5040; 0.0001; 1.1133
3; 1.0000; 0.0000; 0.0000; 0.0000; 0.5049; 0.2327; 0.0046; 0.4605; 1892.45; 14.49; 1449.08; 1892.45; 0.14; 1449.08; 0.0000; 0.0000; 0.0000; 1.0000; 0.0000; 0.0000; 0.00; 0.00; 0.00; 0.00; 0.00; 0.00; 0.00; 0.00; 0.00; 0; -0.0035; 0.0001; 0.9976; 14.5380; 0.0006; 6.3616; 2.5024; 0.0001; 1.1127
4; 1.0000; 0.0000; 0.0000; 0.0000; 0.5049; 0.2502; 0.0045; 0.4548; 2616.60; 23.49; 2348.62; 2616.60; 0.23; 2348.62; 0.0000; 0.0000; 0.0000; 1.0000; 0.0000; 0.0000; 0.00; 0.00; 0.00; 0.00; 0.00; 0.00; 0.00; 0.00; 0.00; 0; -0.0064; 0.0001; 0.9871; 14.4064; 0.0006; 6.3005; 2.5001; 0.0001; 1.1269
5; 1.0000; 0.0000; 0.0000; 0.0000; 0.5049; 0.2572; 0.0045; 0.4507; 3648.44; 36.98; 3698.47; 3648.44; 0.37; 3698.47; 0.0000; 0.0000; 0.0000; 1.0000; 0.0000; 0.0000; 0.00; 0.00; 0.00; 0.00; 0.00; 0.00; 0.00; 0.00; 0.00; 0; -0.0016; 0.0001; 1.0053; 14.5534; 0.0006; 6.3448; 2.4947; 0.0001; 1.1122
6; 1.0000; 0.0000; 0.0000; 0.0000; 0.5049; 0.2581; 0.0045; 0.4519; 5134.05; 58.27; 5826.85; 5134.05; 0.58; 5826.85; 0.0000; 0.0000; 0.0000; 1.0000; 0.0000; 0.0000; 0.00; 0.00; 0.00; 0.00; 0.00; 0.00; 0.00; 0.00; 0.00; 0; 0.0071; 0.0001; 0.9950; 14.4554; 0.0006; 6.3757; 2.5065; 0.0001; 1.1144
7; 1.0000; 0.0000; 0.0000; 0.0000; 0.5049; 0.2700; 0.0045; 0.4485; 7268.83; 91.00; 9100.22; 7268.83; 0.91; 9100.22; 0.0000; 0.0000; 0.0000; 1.0000; 0.0000; 0.0000; 0.00; 0.00; 0.00; 0.00; 0.00; 0.00; 0.00; 0.00; 0.00; 0; -0.0014; 0.0001; 0.9958; 14.5305; 0.0006; 6.3793; 2.5001; 0.0001; 1.1086
8; 1.0000; 0.0000; 0.0000; 0.0000; 0.5049; 0.2935; 0.0044; 0.4387; 10576.53; 144.78; 14477.70; 10576.53; 1.45; 14477.70; 0.0000; 0.0000; 0.0000; 1.0000; 0.0000; 0.0000; 0.00; 0.00; 0.00; 0.00; 0.00; 0.00; 0.00; 0.00; 0.00; 0; -0.0030; 0.0001; 1.0144; 14.4989; 0.0006; 6.2909; 2.5151; 0.0001; 1.1125
9; 1.0000; 0.0000; 0.0000; 0.0000; 0.5049; 0.2922; 0.0043; 0.4309; 15318.83; 229.74; 22973.90; 15318.83; 2.30; 22973.90; 0.0000; 0.0000; 0.0000; 1.0000; 0.0000; 0.0000; 0.00; 0.00; 0.00; 0.00; 0.00; 0.00; 0.00; 0.00; 0.00; 0; -0.0007; 0.0001; 0.9981; 14.4706; 0.0006; 6.3788; 2.4908; 0.0001; 1.1185
10; 1.0000; 0.0000; 0.0000; 0.0000; 0.5049; 0.3033; 0.0043; 0.4342; 22509.02; 358.48; 35847.57; 22509.02; 3.58; 35847.57; 0.0000; 0.0000; 0.0000; 1.0000; 0.0000; 0.0000; 0.00; 0.00; 0.00; 0.00; 0.00; 0.00; 0.00; 0.00; 0.00; 0; -0.0014; 0.0001; 1.0036; 14.4641; 0.0006; 6.3094; 2.4799; 0.0001; 1.1221
11; 1.0000; 0.0000; 0.0000; 0.0000; 0.5049; 0.3113; 0.0043; 0.4250; 33324.81; 564.77; 56476.58; 33324.81; 5.65; 56476.58; 0.0000; 0.0000; 0.0000; 1.0000; 0.0000; 0.0000; 0.00; 0.00; 0.00; 0.00; 0.00; 0.00; 0.00; 0.00; 0.00; 0; 0.0131; 0.0001; 0.9948; 14.5538; 0.0006; 6.3290; 2.5031; 0.0001; 1.1138
12; 1.0000; 0.0000; 0.0000; 0.0000; 0.5049; 0.3366; 0.0041; 0.4126; 50261.57; 889.44; 88944.45; 50261.57; 8.89; 88944.45; 0.0000; 0.0000; 0.0000; 1.0000; 0.0000; 0.0000; 0.00; 0.00; 0.00; 0.00; 0.00; 0.00; 0.00; 0.00; 0.00; 0; 0.0103; 0.0001; 0.9869; 14.4802; 0.0006; 6.3899; 2.5115; 0.0001; 1.1129
13; 1.0000; 0.0000; 0.0000; 0.0000; 0.5049; 0.3427; 0.0042; 0.4166; 76489.50; 1411.82; 141182.09; 76489.50; 14.12; 141182.09; 0.0000; 0.0000; 0.0000; 1.0000; 0.0000; 0.0000; 0.00; 0.00; 0.00; 0.00; 0.00; 0.00; 0.00; 0.00; 0.00; 0; 0.0012; 0.0001; 0.9954; 14.4442; 0.0006; 6.3420; 2.5040; 0.0001; 1.1202
14; 1.0000; 0.0000; 0.0000; 0.0000; 0.5049; 0.3483; 0.0041; 0.4075; 114753.47; 2109.43; 210942.98; 114753.47; 21.09; 210942.98; 0.0000; 0.0000; 0.0000; 1.0000; 0.0000; 0.0000; 0.00; 0.00; 0.00; 0.00; 0.00; 0.00; 0.00; 0.00; 0.00; 0; 0.0086; 0.0001; 0.9978; 14.5394; 0.0006; 6.3578; 2.5073; 0.0001; 1.1224
15; 1.0000; 0.0000; 0.0000; 0.0000; 0.5049; 0.3673; 0.0040; 0.4017; 174528.31; 3291.53; 329152.59; 174528.31; 32.92; 329152.59; 0.0000; 0.0000; 0.0000; 1.0000; 0.0000; 0.0000; 0.00; 0.00; 0.00; 0.00; 0.00; 0.00; 0.00; 0.00; 0.00; 0; 0.0042; 0.0001; 0.9993; 14.4408; 0.0006; 6.3543; 2.4818; 0.0001; 1.1196
16; 1.0000; 0.0000; 0.0000; 0.0000; 0.5049; 0.3757; 0.0040; 0.4008; 262616.12; 5001.06; 500106.21; 262616.12; 50.01; 500106.21; 0.0000; 0.0000; 0.0000; 1.0000; 0.0000; 0.0000; 0.00; 0.00; 0.00; 0.00; 0.00; 0.00; 0.00; 0.00; 0.00; 0; -0.0001; 0.0001; 0.9934; 14.5204; 0.0006; 6.3602; 2.4910; 0.0001; 1.1222
17; 1.0000; 0.0000; 0.0000; 0.0000; 0.5049; 0.3815; 0.0040; 0.4027; 398979.70; 7880.79; 788078.64; 398979.70; 78.81; 788078.64; 0.0000; 0.0000; 0.0000; 1.0000; 0.0000; 0.0000; 0.00; 0.00; 0.00; 0.00; 0.00; 0.00; 0.00; 0.00; 0.00; 0; -0.0020; 0.0001; 0.9944; 14.4892; 0.0006; 6.3287; 2.4943; 0.0001; 1.1163
18; 1.0000; 0.0000; 0.0000; 0.0000; 0.5049; 0.3950; 0.0040; 0.4000; 604417.04; 11868.88; 1186887.80; 604417.04; 118.69; 1186887.80; 0.0000; 0.0000; 0.0000; 1.0000; 0.0000; 0.0000; 0.00; 0.00; 0.00; 0.00; 0.00; 0.00; 0.00; 0.00; 0.00; 0; -0.0023; 0.0001; 0.9980; 14.5857; 0.0006; 6.4075; 2.5150; 0.0001; 1.1191
19; 1.0000; 0.0000; 0.0000; 0.0000; 0.5049; 0.3990; 0.0040; 0.3969; 898574.34; 16786.73; 1678672.62; 898574.34; 167.87; 1678672.62; 0.0000; 0.0000; 0.0000; 1.0000; 0.0000; 0.0000; 0.00; 0.00; 0.00; 0.00; 0.00; 0.00; 0.00; 0.00; 0.00; 0; -0.0087; 0.0001; 0.9983; 14.5718; 0.0006; 6.3607; 2.5136; 0.0001; 1.1158
20; 1.0000; 0.0000; 0.0000; 0.0000; 0.5049; 0.4024; 0.0040; 0.3971; 1299248.63; 22289.36; 2228936.13; 1299248.63; 222.89; 2228936.13; 0.0000; 0.0000; 0.0000; 1.0000; 0.0000; 0.0000; 0.00; 0.00; 0.00; 0.00; 0.00; 0.00; 0.00; 0.00; 0.00; 0; 0.0071; 0.0001; 1.0125; 14.4868; 0.0006; 6.3655; 2.4831; 0.0001; 1.1181
21; 1.0000; 0.0000; 0.0000; 0.0000; 0.5049; 0.4126; 0.0040; 0.3999; 1813081.33; 27925.67; 2792566.92; 1813081.33; 279.26; 2792566.92; 0.0000; 0.0000; 0.0000; 1.0000; 0.0000; 0.0000; 0.00; 0.00; 0.00; 0.00; 0.00; 0.00; 0.00; 0.00; 0.00; 0; -0.0034; 0.0001; 0.9861; 14.4635; 0.0006; 6.3068; 2.5014; 0.0001; 1.1138
22; 1.0000; 0.0000; 0.0000; 0.0000; 0.5049; 0.4090; 0.0040; 0.4044; 2436113.58; 33446.09; 3344608.62; 2436113.58; 334.46; 3344608.62; 0.0000; 0.0000; 0.0000; 1.0000; 0.0000; 0.0000; 0.00; 0.00; 0.00; 0.00; 0.00; 0.00; 0.00; 0.00; 0.00; 0; -0.0038; 0.0001; 0.9996; 14.4907; 0.0006; 6.2872; 2.5006; 0.0001; 1.1111
23; 1.0000; 0.0000; 0.0000; 0.0000; 0.5049; 0.4309; 0.0040; 0.4012; 3154636.98; 38193.67; 3819367.19; 3154636.98; 381.94; 3819367.19; 0.0000; 0.0000; 0.0000; 1.0000; 0.0000; 0.0000; 0.00; 0.00; 0.00; 0.00; 0.00; 0.00; 0.00; 0.00; 0.00; 0; -0.0149; 0.0001; 1.0140; 14.4895; 0.0006; 6.3552; 2.5200; 0.0001; 1.1121
24; 1.0000; 0.0000; 0.0000; 0.0000; 0.5049; 0.4268; 0.0041; 0.4057; 3931997.58; 41791.59; 4179158.94; 3931997.58; 417.92; 4179158.94; 0.0000; 0.0000; 0.0000; 1.0000; 0.0000; 0.0000; 0.00; 0.00; 0.00; 0.00; 0.00; 0.00; 0.00; 0.00; 0.00; 0; -0.0038; 0.0001; 1.0092; 14.5370; 0.0006; 6.3329; 2.5110; 0.0001; 1.1187
25; 1.0000; 0.0000; 0.0000; 0.0000; 0.5049; 0.4243; 0.0042; 0.4154; 4754556.94; 44709.75; 4470974.65; 4754556.94; 447.10; 4470974.65; 0.0000; 0.0000; 0.0000; 1.0000; 0.0000; 0.0000; 0.00; 0.00; 0.00; 0.00; 0.00; 0.00; 0.00; 0.00; 0.00; 0; -0.0017; 0.0001; 1.0067; 14.4147; 0.0006; 6.3787; 2.5130; 0.0001; 1.1228
26; 1.0000; 0.0000; 0.0000; 0.0000; 0.5049; 0.4268; 0.0041; 0.4138; 5531758.80; 46014.88; 4601488.19; 5531758.80; 460.15; 4601488.19; 0.0000; 0.0000; 0.0000; 1.0000; 0.0000; 0.0000; 0.00; 0.00; 0.00; 0.00; 0.00; 0.00; 0.00; 0.00; 0.00; 0; 0.0009; 0.0001; 1.0040; 14.5916; 0.0006; 6.3338; 2.5263; 0.0001; 1.1083
27; 1.0000; 0.0000; 0.0000; 0.0000; 0.5049; 0.4318; 0.0041; 0.4139; 6279843.05; 46348.70; 4634869.66; 6279843.05; 463.49; 4634869.66; 0.0000; 0.0000; 0.0000; 1.0000; 0.0000; 0.0000; 0.00; 0.00; 0.00; 0.00; 0.00; 0.00; 0.00; 0.00; 0.00; 0; -0.0060; 0.0001; 1.0030; 14.4619; 0.0006; 6.3293; 2.5104; 0.0001; 1.1195
28; 1.0000; 0.0000; 0.0000; 0.0000; 0.5049; 0.4433; 0.0042; 0.4176; 6997535.47; 45801.13; 4580112.79; 6997535.47; 458.01; 4580112.79; 0.0000; 0.0000; 0.0000; 1.0000; 0.0000; 0.0000; 0.00; 0.00; 0.00; 0.00; 0.00; 0.00; 0.00; 0.00; 0.00; 0; 0.0011; 0.0001; 1.0093; 14.5647; 0.0006; 6.3258; 2.5046; 0.0001; 1.1140
29; 1.0000; 0.0000; 0.0000; 0.0000; 0.5049; 0.4364; 0.0041; 0.4141; 7637467.69; 44555.88; 4455588.36; 7637467.69; 445.56; 4455588.36; 0.0000; 0.0000; 0.0000; 1.0000; 0.0000; 0.0000; 0.00; 0.00; 0.00; 0.00; 0.00; 0.00; 0.00; 0.00; 0.00; 0; 0.0109; 0.0001; 1.0013; 14.6298; 0.0006; 6.3419; 2.5255; 0.0001; 1.1152
30; 1.0000; 0.0000; 0.0000; 0.0000; 0.5049; 0.4389; 0.0042; 0.4225; 8172967.14; 42670.31; 4267031.22; 8172967.14; 426.70; 4267031.22; 0.0000; 0.0000; 0.0000; 1.0000; 0.0000; 0.0000; 0.00; 0.00; 0.00; 0.00; 0.00; 0.00; 0.00; 0.00; 0.00; 0; 0.0048; 0.0001; 0.9954; 14.5169; 0.0006; 6.3539; 2.4817; 0.0001; 1.1163
31; 1.0000; 0.0000; 0.0000; 0.0000; 0.5049; 0.4294; 0.0042; 0.4222; 8645971.93; 40900.71; 4090071.49; 8645971.93; 409.01; 4090071.49; 0.0000; 0.0000; 0.0000; 1.0000; 0.0000; 0.0000; 0.00; 0.00; 0.00; 0.00; 0.00; 0.00; 0.00; 0.00; 0.00; 0; 0.0006; 0.0001; 0.9959; 14.5752; 0.0006; 6.3838; 2.5065; 0.0001; 1.1111
32; 1.0000; 0.0000; 0.0000; 0.0000; 0.5049; 0.4366; 0.0043; 0.4257; 9036528.83; 38492.94; 3849294.25; 9036528.83; 384.93; 3849294.25; 0.0000; 0.0000; 0.0000; 1.0000; 0.0000; 0.0000; 0.00; 0.00; 0.00; 0.00; 0.00; 0.00; 0.00; 0.00; 0.00; 0; -0.0126; 0.0001; 1.0003; 14.4358; 0.0006; 6.3395; 2.5059; 0.0001; 1.1166
33; 1.0000; 0.0000; 0.0000; 0.0000; 0.5049; 0.4363; 0.0042; 0.4231; 9352552.00; 36052.41; 3605240.78; 9352552.00; 360.52; 3605240.78; 0.0000; 0.0000; 0.0000; 1.0000; 0.0000; 0.0000; 0.00; 0.00; 0.00; 0.00; 0.00; 0.00; 0.00; 0.00; 0.00; 0; 0.0076; 0.0001; 0.9918; 14.5124; 0.0006; 6.3286; 2.5165; 0.0001; 1.1189
34; 1.0000; 0.0000; 0.0000; 0.0000; 0.5049; 0.4292; 0.0043; 0.4278; 9642846.85; 33946.92; 3394692.43; 9642846.85; 339.47; 3394692.43; 0.0000; 0.0000; 0.0000; 1.0000; 0.0000; 0.0000; 0.00; 0.00; 0.00; 0.00; 0.00; 0.00; 0.00; 0.00; 0.00; 0; -0.0120; 0.0001; 0.9996; 14.4715; 0.0006; 6.3316; 2.5179; 0.0001; 1.1209
35; 1.0000; 0.0000; 0.0000; 0.0000; 0.5049; 0.4432; 0.0043; 0.4252; 9878438.89; 31701.85; 3170184.74; 9878438.89; 317.02; 3170184.74; 0.0000; 0.0000; 0.0000; 1.0000; 0.0000; 0.0000; 0.00; 0.00; 0.00; 0.00; 0.00; 0.00; 0.00; 0.00; 0.00; 0; -0.0007; 0.0001; 1.0128; 14.3817; 0.0006; 6.4008; 2.5032; 0.0001; 1.1162
36; 1.0000; 0.0000; 0.0000; 0.0000; 0.5049; 0.4370; 0.0043; 0.4274; 10062664.96; 29966.11; 2996611.43; 10062664.96; 299.66; 2996611.43; 0.0000; 0.0000; 0.0000; 1.0000; 0.0000; 0.0000; 0.00; 0.00; 0.00; 0.00; 0.00; 0.00; 0.00; 0.00; 0.00; 0; -0.0096; 0.0001; 1.0038; 14.5682; 0.0006; 6.3378; 2.5061; 0.0001; 1.1195
37; 1.0000; 0.0000; 0.0000; 0.0000; 0.5049; 0.4318; 0.0043; 0.4259; 10218912.68; 28382.30; 2838230.23; 10218912.68; 283.82; 2838230.23; 0.0000; 0.0000; 0.0000; 1.0000; 0.0000; 0.0000; 0.00; 0.00; 0.00; 0.00; 0.00; 0.00; 0.00; 0.00; 0.00; 0; -0.0150; 0.0001; 0.9976; 14.5619; 0.0006; 6.3236; 2.4950; 0.0001; 1.1182
38; 1.0000; 0.0000; 0.0000; 0.0000; 0.5049; 0.4314; 0.0044; 0.4369; 10306547.76; 27214.28; 2721428.16; 10306547.76; 272.14; 2721428.16; 0.0000; 0.0000; 0.0000; 1.0000; 0.0000; 0.0000; 0.00; 0.00; 0.00; 0.00; 0.00; 0.00; 0.00; 0.00; 0.00; 0; 0.0032; 0.0001; 0.9977; 14.4677; 0.0006; 6.3550; 2.5075; 0.0001; 1.1197
39; 1.0000; 0.0000; 0.0000; 0.0000; 0.5049; 0.4356; 0.0043; 0.4312; 10396197.45; 25985.14; 2598514.12; 10396197.45; 259.85; 2598514.12; 0.0000; 0.0000; 0.0000; 1.0000; 0.0000; 0.0000; 0.00; 0.00; 0.00; 0.00; 0.00; 0.00; 0.00; 0.00; 0.00; 0; 0.0203; 0.0001; 0.9944; 14.4705; 0.0006; 6.3414; 2.4993; 0.0001; 1.1173
40; 1.0000; 0.0000; 0.0000; 0.0000; 0.5049; 0.4465; 0.0042; 0.4237; 10485776.30; 24745.94; 2474594.49; 10485776.30; 247.46; 2474594.49; 0.0000; 0.0000; 0.0000; 1.0000; 0.0000; 0.0000; 0.00; 0.00; 0.00; 0.00; 0.00; 0.00; 0.00; 0.00; 0.00; 0; 0.0043; 0.0001; 0.9960; 14.5069; 0.0006; 6.3203; 2.4875; 0.0001; 1.1108
41; 1.0000; 0.0000; 0.0000; 0.0000; 0.5049; 0.4400; 0.0042; 0.4246; 10561494.14; 23791.15; 2379115.23; 10561494.14; 237.91; 2379115.23; 0.0000; 0.0000; 0.0000; 1.0000; 0.0000; 0.0000; 0.00; 0.00; 0.00; 0.00; 0.00; 0.00; 0.00; 0.00; 0.00; 0; 0.0062; 0.0001; 1.0082; 14.6932; 0.0006; 6.3615; 2.4985; 0.0001; 1.1124
42; 1.0000; 0.0000; 0.0000; 0.0000; 0.5049; 0.4418; 0.0042; 0.4233; 10638012.12; 22973.26; 2297326.42; 10638012.12; 229.73; 2297326.42; 0.0000; 0.0000; 0.0000; 1.0000; 0.0000; 0.0000; 0.00; 0.00; 0.00; 0.00; 0.00; 0.00; 0.00; 0.00; 0.00; 0; -0.0024; 0.0001; 0.9984; 14.4644; 0.0006; 6.3506; 2.5039; 0.0001; 1.1148
43; 1.0000; 0.0000; 0.0000; 0.0000; 0.5049; 0.4458; 0.0043; 0.4293; 10672226.85; 22419.61; 2241961.07; 10672226.85; 224.20; 2241961.07; 0.0000; 0.0000; 0.0000; 1.0000; 0.0000; 0.0000; 0.00; 0.00; 0.00; 0.00; 0.00; 0.00; 0.00; 0.00; 0.00; 0; -0.0004; 0.0001; 0.9992; 14.4558; 0.0006; 6.3099; 2.4991; 0.0001; 1.1197
44; 1.0000; 0.0000; 0.0000; 0.0000; 0.5049; 0.4407; 0.0042; 0.4230; 10704612.79; 22061.09; 2206108.71; 10704612.79; 220.61; 2206108.71; 0.0000; 0.0000; 0.0000; 1.0000; 0.0000; 0.0000; 0.00; 0.00; 0.00; 0.00; 0.00; 0.00; 0.00; 0.00; 0.00; 0; 0.0071; 0.0001; 1.0072; 14.4631; 0.0006; 6.3667; 2.5093; 0.0001; 1.1151
45; 1.0000; 0.0000; 0.0000; 0.0000; 0.5049; 0.4360; 0.0042; 0.4225; 10719773.98; 21659.80; 2165979.86; 10719773.98; 216.60; 2165979.86; 0.0000; 0.0000; 0.0000; 1.0000; 0.0000; 0.0000; 0.00; 0.00; 0.00; 0.00; 0.00; 0.00; 0.00; 0.00; 0.00; 0; 0.0024; 0.0001; 0.9994; 14.3957; 0.0006; 6.3956; 2.4934; 0.0001; 1.1151
46; 1.0000; 0.0000; 0.0000; 0.0000; 0.5049; 0.4374; 0.0043; 0.4308; 10725088.97; 21109.99; 2110999.39; 10725088.97; 211.10; 2110999.39; 0.0000; 0.0000; 0.0000; 1.0000; 0.0000; 0.0000; 0.00; 0.00; 0.00; 0.00; 0.00; 0.00; 0.00; 0.00; 0.00; 0; -0.0009; 0.0001; 1.0031; 14.4919; 0.0006; 6.3356; 2.4971; 0.0001; 1.1207
47; 1.0000; 0.0000; 0.0000; 0.0000; 0.5049; 0.4399; 0.0043; 0.4252; 10759547.30; 21047.51; 2104750.90; 10759547.30; 210.48; 2104750.90; 0.0000; 0.0000; 0.0000; 1.0000; 0.0000; 0.0000; 0.00; 0.00; 0.00; 0.00; 0.00; 0.00; 0.00; 0.00; 0.00; 0; 0.0167; 0.0001; 0.9964; 14.3675; 0.0006; 6.3627; 2.5020; 0.0001; 1.1223
48; 1.0000; 0.0000; 0.0000; 0.0000; 0.5049; 0.4420; 0.0042; 0.4238; 10768271.71; 20859.38; 2085937.54; 10768271.71; 208.59; 2085937.54; 0.0000; 0.0000; 0.0000; 1.0000; 0.0000; 0.0000; 0.00; 0.00; 0.00; 0.00; 0.00; 0.00; 0.00; 0.00; 0.00; 0; 0.0259; 0.0001; 0.9999; 14.4863; 0.0006; 6.3332; 2.5127; 0.0001; 1.1152
49; 1.0000; 0.0000; 0.0000; 0.0000; 0.5049; 0.4391; 0.0043; 0.4275; 10783667.28; 20782.80; 2078280.43; 10783667.28; 207.83; 2078280.43; 0.0000; 0.0000; 0.0000; 1.0000; 0.0000; 0.0000; 0.00; 0.00; 0.00; 0.00; 0.00; 0.00; 0.00; 0.00; 0.00; 0; 0.0104; 0.0001; 0.9997; 14.4856; 0.0006; 6.3015; 2.4955; 0.0001; 1.1171
50; 1.0000; 0.0000; 0.0000; 0.0000; 0.5049; 0.4370; 0.0042; 0.4179; 10830268.40; 20429.57; 2042957.26; 10830268.40; 204.30; 2042957.26; 0.0000; 0.0000; 0.0000; 1.0000; 0.0000; 0.0000; 0.00; 0.00; 0.00; 0.00; 0.00; 0.00; 0.00; 0.00; 0.00; 0; 0.0127; 0.0001; 1.0110; 14.4567; 0.0006; 6.3643; 2.4944; 0.0001; 1.1123
