    Year (Census)
    Proportion of populations extant, SE
    Proportion of populations going extinct for the first time in year, SE
    Deterministic growth, Stochastic growth, SE, SD
    Mean population size (across extant populations), SE, SD
    Mean population size (across all populations), SE, SD
    Population-based model: No genetic data (12 skipped fields)



    Mean time to extinction, SE, SD
    Median time to extinction
    GSVars(3): Mean, SE, SD
Year;PExtant;SE(PExtant);PExtinct;SE(PExtinct);r-det;r-stoch;SE(r);SD(r);Nextant;SE(Nextant);SD(Nextant);Nall;SE(Nall);SD(Nall);Het;SE(Het);SD(Het);Inbr;SE(Inbr);SD(Inbr);Nalleles;SE(Nalleles);SD(Nalleles);Nlethals;SE(Nlethals);SD(Nlethals);TE;SE(TE);SD(TE);medTE;NRANDx;SE(NRANDx);SD(NRANDx);immigBord;SE(immigBord);SD(immigBord);immigSC;SE(immigSC);SD(immigSC)
Control_09
Population 1: Border
0; 1.0000; 0.0000; 0.0000; 0.0000; 0.0891;      0;      0;      0; 632.00; 0.00; 0.00; 632.00; 0.00; 0.00; 0.0000; 0.0000; 0.0000; 1.0000; 0.0000; 0.0000; 0.00; 0.00; 0.00; 0.00; 0.00; 0.00; 0.00; 0.00; 0.00; 0; -0.0035; 0.0001; 1.0117; 14.4525; 0.0006; 6.3673; 2.5199; 0.0001; 1.1206
1; 1.0000; 0.0000; 0.0000; 0.0000; 0.0891; -0.1296; 0.0068; 0.6835; 673.21; 3.65; 364.69; 673.21; 0.04; 364.69; 0.0000; 0.0000; 0.0000; 1.0000; 0.0000; 0.0000; 0.00; 0.00; 0.00; 0.00; 0.00; 0.00; 0.00; 0.00; 0.00; 0; -0.0025; 0.0001; 1.0020; 14.5472; 0.0006; 6.3343; 2.5035; 0.0001; 1.1205
2; 1.0000; 0.0000; 0.0000; 0.0000; 0.0891; -0.1248; 0.0068; 0.6767; 705.44; 5.67; 567.31; 705.44; 0.06; 567.31; 0.0000; 0.0000; 0.0000; 1.0000; 0.0000; 0.0000; 0.00; 0.00; 0.00; 0.00; 0.00; 0.00; 0.00; 0.00; 0.00; 0; -0.0006; 0.0001; 1.0048; 14.4550; 0.0006; 6.3786; 2.4830; 0.0001; 1.1120
3; 1.0000; 0.0000; 0.0000; 0.0000; 0.0891; -0.1058; 0.0066; 0.6644; 741.30; 7.73; 773.37; 741.30; 0.08; 773.37; 0.0000; 0.0000; 0.0000; 1.0000; 0.0000; 0.0000; 0.00; 0.00; 0.00; 0.00; 0.00; 0.00; 0.00; 0.00; 0.00; 0; -0.0139; 0.0001; 1.0097; 14.4573; 0.0006; 6.3759; 2.5174; 0.0001; 1.1166
4; 1.0000; 0.0000; 0.0000; 0.0000; 0.0891; -0.0891; 0.0066; 0.6599; 783.36; 10.28; 1027.85; 783.36; 0.10; 1027.85; 0.0000; 0.0000; 0.0000; 1.0000; 0.0000; 0.0000; 0.00; 0.00; 0.00; 0.00; 0.00; 0.00; 0.00; 0.00; 0.00; 0; -0.0035; 0.0001; 1.0013; 14.5898; 0.0006; 6.3601; 2.4923; 0.0001; 1.1230
5; 1.0000; 0.0000; 0.0000; 0.0000; 0.0891; -0.0764; 0.0066; 0.6553; 824.29; 12.71; 1270.79; 824.29; 0.13; 1270.79; 0.0000; 0.0000; 0.0000; 1.0000; 0.0000; 0.0000; 0.00; 0.00; 0.00; 0.00; 0.00; 0.00; 0.00; 0.00; 0.00; 0; -0.0092; 0.0001; 1.0041; 14.5371; 0.0006; 6.2978; 2.4841; 0.0001; 1.1215
6; 1.0000; 0.0000; 0.0000; 0.0000; 0.0891; -0.0783; 0.0066; 0.6578; 865.05; 15.74; 1574.42; 865.05; 0.16; 1574.42; 0.0000; 0.0000; 0.0000; 1.0000; 0.0000; 0.0000; 0.00; 0.00; 0.00; 0.00; 0.00; 0.00; 0.00; 0.00; 0.00; 0; -0.0049; 0.0001; 1.0077; 14.5622; 0.0006; 6.2988; 2.4985; 0.0001; 1.1207
7; 1.0000; 0.0000; 0.0000; 0.0000; 0.0891; -0.0532; 0.0064; 0.6445; 924.66; 19.57; 1957.49; 924.66; 0.20; 1957.49; 0.0000; 0.0000; 0.0000; 1.0000; 0.0000; 0.0000; 0.00; 0.00; 0.00; 0.00; 0.00; 0.00; 0.00; 0.00; 0.00; 0; 0.0044; 0.0001; 1.0130; 14.5916; 0.0006; 6.3697; 2.5102; 0.0001; 1.1275
8; 1.0000; 0.0000; 0.0000; 0.0000; 0.0891; -0.0598; 0.0065; 0.6522; 975.64; 24.88; 2487.66; 975.64; 0.25; 2487.66; 0.0000; 0.0000; 0.0000; 1.0000; 0.0000; 0.0000; 0.00; 0.00; 0.00; 0.00; 0.00; 0.00; 0.00; 0.00; 0.00; 0; 0.0012; 0.0001; 1.0058; 14.6191; 0.0006; 6.3063; 2.4876; 0.0001; 1.1153
9; 1.0000; 0.0000; 0.0000; 0.0000; 0.0891; -0.0439; 0.0064; 0.6445; 1003.54; 26.02; 2602.36; 1003.54; 0.26; 2602.36; 0.0000; 0.0000; 0.0000; 1.0000; 0.0000; 0.0000; 0.00; 0.00; 0.00; 0.00; 0.00; 0.00; 0.00; 0.00; 0.00; 0; -0.0119; 0.0001; 0.9867; 14.4089; 0.0006; 6.3321; 2.5064; 0.0001; 1.1144
10; 1.0000; 0.0000; 0.0000; 0.0000; 0.0891; -0.0401; 0.0063; 0.6348; 1071.20; 33.33; 3333.45; 1071.20; 0.33; 3333.45; 0.0000; 0.0000; 0.0000; 1.0000; 0.0000; 0.0000; 0.00; 0.00; 0.00; 0.00; 0.00; 0.00; 0.00; 0.00; 0.00; 0; 0.0104; 0.0001; 0.9958; 14.5883; 0.0006; 6.3551; 2.5013; 0.0001; 1.1207
11; 1.0000; 0.0000; 0.0000; 0.0000; 0.0891; -0.0316; 0.0064; 0.6353; 1105.88; 38.61; 3860.89; 1105.88; 0.39; 3860.89; 0.0000; 0.0000; 0.0000; 1.0000; 0.0000; 0.0000; 0.00; 0.00; 0.00; 0.00; 0.00; 0.00; 0.00; 0.00; 0.00; 0; 0.0036; 0.0001; 1.0018; 14.5422; 0.0006; 6.4271; 2.5134; 0.0001; 1.1177
12; 1.0000; 0.0000; 0.0000; 0.0000; 0.0891; -0.0257; 0.0063; 0.6282; 1166.75; 41.97; 4196.76; 1166.75; 0.42; 4196.76; 0.0000; 0.0000; 0.0000; 1.0000; 0.0000; 0.0000; 0.00; 0.00; 0.00; 0.00; 0.00; 0.00; 0.00; 0.00; 0.00; 0; -0.0084; 0.0001; 1.0019; 14.4497; 0.0006; 6.3237; 2.4820; 0.0001; 1.1160
13; 1.0000; 0.0000; 0.0000; 0.0000; 0.0891; -0.0220; 0.0063; 0.6287; 1216.87; 47.46; 4746.07; 1216.87; 0.47; 4746.07; 0.0000; 0.0000; 0.0000; 1.0000; 0.0000; 0.0000; 0.00; 0.00; 0.00; 0.00; 0.00; 0.00; 0.00; 0.00; 0.00; 0; 0.0045; 0.0001; 0.9949; 14.4515; 0.0006; 6.3322; 2.4985; 0.0001; 1.1192
14; 1.0000; 0.0000; 0.0000; 0.0000; 0.0891; -0.0164; 0.0063; 0.6311; 1275.16; 51.12; 5112.11; 1275.16; 0.51; 5112.11; 0.0000; 0.0000; 0.0000; 1.0000; 0.0000; 0.0000; 0.00; 0.00; 0.00; 0.00; 0.00; 0.00; 0.00; 0.00; 0.00; 0; -0.0057; 0.0001; 0.9924; 14.3349; 0.0006; 6.3536; 2.4813; 0.0001; 1.1162
15; 1.0000; 0.0000; 0.0000; 0.0000; 0.0891; -0.0189; 0.0063; 0.6312; 1369.56; 66.68; 6667.88; 1369.56; 0.67; 6667.88; 0.0000; 0.0000; 0.0000; 1.0000; 0.0000; 0.0000; 0.00; 0.00; 0.00; 0.00; 0.00; 0.00; 0.00; 0.00; 0.00; 0; -0.0038; 0.0001; 1.0056; 14.4678; 0.0006; 6.3473; 2.4937; 0.0001; 1.1189
16; 1.0000; 0.0000; 0.0000; 0.0000; 0.0891; -0.0263; 0.0064; 0.6349; 1461.77; 91.09; 9109.07; 1461.77; 0.91; 9109.07; 0.0000; 0.0000; 0.0000; 1.0000; 0.0000; 0.0000; 0.00; 0.00; 0.00; 0.00; 0.00; 0.00; 0.00; 0.00; 0.00; 0; -0.0047; 0.0001; 1.0026; 14.4784; 0.0006; 6.3190; 2.5024; 0.0001; 1.1157
17; 1.0000; 0.0000; 0.0000; 0.0000; 0.0891; -0.0167; 0.0062; 0.6211; 1557.54; 104.21; 10420.80; 1557.54; 1.04; 10420.80; 0.0000; 0.0000; 0.0000; 1.0000; 0.0000; 0.0000; 0.00; 0.00; 0.00; 0.00; 0.00; 0.00; 0.00; 0.00; 0.00; 0; -0.0075; 0.0001; 1.0028; 14.5090; 0.0006; 6.3817; 2.4817; 0.0001; 1.1150
18; 1.0000; 0.0000; 0.0000; 0.0000; 0.0891; 0.0004; 0.0062; 0.6248; 1692.83; 120.33; 12032.94; 1692.83; 1.20; 12032.94; 0.0000; 0.0000; 0.0000; 1.0000; 0.0000; 0.0000; 0.00; 0.00; 0.00; 0.00; 0.00; 0.00; 0.00; 0.00; 0.00; 0; -0.0021; 0.0001; 1.0064; 14.5197; 0.0006; 6.3833; 2.4850; 0.0001; 1.1234
19; 1.0000; 0.0000; 0.0000; 0.0000; 0.0891; -0.0257; 0.0063; 0.6331; 1635.28; 104.35; 10434.72; 1635.28; 1.04; 10434.72; 0.0000; 0.0000; 0.0000; 1.0000; 0.0000; 0.0000; 0.00; 0.00; 0.00; 0.00; 0.00; 0.00; 0.00; 0.00; 0.00; 0; 0.0133; 0.0001; 0.9832; 14.4438; 0.0006; 6.3897; 2.5127; 0.0001; 1.1180
20; 1.0000; 0.0000; 0.0000; 0.0000; 0.0891; -0.0139; 0.0063; 0.6302; 1756.10; 129.28; 12927.69; 1756.10; 1.29; 12927.69; 0.0000; 0.0000; 0.0000; 1.0000; 0.0000; 0.0000; 0.00; 0.00; 0.00; 0.00; 0.00; 0.00; 0.00; 0.00; 0.00; 0; 0.0036; 0.0001; 1.0025; 14.4926; 0.0006; 6.3632; 2.4936; 0.0001; 1.1180
21; 1.0000; 0.0000; 0.0000; 0.0000; 0.0891; -0.0104; 0.0063; 0.6258; 1826.61; 119.17; 11917.45; 1826.61; 1.19; 11917.45; 0.0000; 0.0000; 0.0000; 1.0000; 0.0000; 0.0000; 0.00; 0.00; 0.00; 0.00; 0.00; 0.00; 0.00; 0.00; 0.00; 0; 0.0006; 0.0001; 0.9982; 14.5794; 0.0006; 6.3243; 2.5094; 0.0001; 1.1124
22; 1.0000; 0.0000; 0.0000; 0.0000; 0.0891; -0.0076; 0.0062; 0.6207; 1886.97; 143.48; 14347.68; 1886.97; 1.43; 14347.68; 0.0000; 0.0000; 0.0000; 1.0000; 0.0000; 0.0000; 0.00; 0.00; 0.00; 0.00; 0.00; 0.00; 0.00; 0.00; 0.00; 0; 0.0114; 0.0001; 0.9951; 14.6327; 0.0006; 6.3620; 2.4946; 0.0001; 1.1212
23; 1.0000; 0.0000; 0.0000; 0.0000; 0.0891; -0.0105; 0.0063; 0.6287; 2021.91; 170.09; 17009.12; 2021.91; 1.70; 17009.12; 0.0000; 0.0000; 0.0000; 1.0000; 0.0000; 0.0000; 0.00; 0.00; 0.00; 0.00; 0.00; 0.00; 0.00; 0.00; 0.00; 0; -0.0127; 0.0001; 0.9968; 14.5409; 0.0006; 6.3392; 2.5084; 0.0001; 1.1242
24; 1.0000; 0.0000; 0.0000; 0.0000; 0.0891; -0.0179; 0.0063; 0.6292; 1918.97; 163.44; 16344.03; 1918.97; 1.63; 16344.03; 0.0000; 0.0000; 0.0000; 1.0000; 0.0000; 0.0000; 0.00; 0.00; 0.00; 0.00; 0.00; 0.00; 0.00; 0.00; 0.00; 0; -0.0051; 0.0001; 0.9892; 14.4827; 0.0006; 6.3670; 2.4897; 0.0001; 1.1226
25; 1.0000; 0.0000; 0.0000; 0.0000; 0.0891; -0.0045; 0.0063; 0.6260; 1999.21; 172.82; 17281.72; 1999.21; 1.73; 17281.72; 0.0000; 0.0000; 0.0000; 1.0000; 0.0000; 0.0000; 0.00; 0.00; 0.00; 0.00; 0.00; 0.00; 0.00; 0.00; 0.00; 0; 0.0068; 0.0001; 0.9954; 14.5083; 0.0006; 6.3310; 2.5092; 0.0001; 1.1145
26; 1.0000; 0.0000; 0.0000; 0.0000; 0.0891; -0.0046; 0.0062; 0.6205; 2106.05; 186.36; 18636.10; 2106.05; 1.86; 18636.10; 0.0000; 0.0000; 0.0000; 1.0000; 0.0000; 0.0000; 0.00; 0.00; 0.00; 0.00; 0.00; 0.00; 0.00; 0.00; 0.00; 0; 0.0063; 0.0001; 0.9964; 14.5596; 0.0006; 6.3243; 2.4870; 0.0001; 1.1300
27; 1.0000; 0.0000; 0.0000; 0.0000; 0.0891; -0.0046; 0.0063; 0.6255; 2156.30; 187.30; 18730.04; 2156.30; 1.87; 18730.04; 0.0000; 0.0000; 0.0000; 1.0000; 0.0000; 0.0000; 0.00; 0.00; 0.00; 0.00; 0.00; 0.00; 0.00; 0.00; 0.00; 0; -0.0062; 0.0001; 0.9993; 14.6313; 0.0006; 6.3499; 2.4716; 0.0001; 1.1119
28; 1.0000; 0.0000; 0.0000; 0.0000; 0.0891; -0.0094; 0.0062; 0.6174; 2275.16; 195.15; 19514.95; 2275.16; 1.95; 19514.95; 0.0000; 0.0000; 0.0000; 1.0000; 0.0000; 0.0000; 0.00; 0.00; 0.00; 0.00; 0.00; 0.00; 0.00; 0.00; 0.00; 0; 0.0004; 0.0001; 0.9987; 14.6292; 0.0006; 6.3813; 2.4946; 0.0001; 1.1167
29; 1.0000; 0.0000; 0.0000; 0.0000; 0.0891; -0.0009; 0.0062; 0.6196; 2307.65; 215.22; 21521.53; 2307.65; 2.15; 21521.53; 0.0000; 0.0000; 0.0000; 1.0000; 0.0000; 0.0000; 0.00; 0.00; 0.00; 0.00; 0.00; 0.00; 0.00; 0.00; 0.00; 0; -0.0047; 0.0001; 0.9952; 14.4505; 0.0006; 6.3328; 2.5008; 0.0001; 1.1150
30; 1.0000; 0.0000; 0.0000; 0.0000; 0.0891; -0.0112; 0.0062; 0.6205; 2292.38; 215.27; 21526.89; 2292.38; 2.15; 21526.89; 0.0000; 0.0000; 0.0000; 1.0000; 0.0000; 0.0000; 0.00; 0.00; 0.00; 0.00; 0.00; 0.00; 0.00; 0.00; 0.00; 0; 0.0072; 0.0001; 0.9928; 14.5801; 0.0006; 6.3738; 2.5152; 0.0001; 1.1209
31; 1.0000; 0.0000; 0.0000; 0.0000; 0.0891; -0.0031; 0.0062; 0.6194; 2244.26; 196.81; 19680.97; 2244.26; 1.97; 19680.97; 0.0000; 0.0000; 0.0000; 1.0000; 0.0000; 0.0000; 0.00; 0.00; 0.00; 0.00; 0.00; 0.00; 0.00; 0.00; 0.00; 0; 0.0016; 0.0001; 0.9799; 14.5380; 0.0006; 6.3673; 2.5045; 0.0001; 1.1166
32; 1.0000; 0.0000; 0.0000; 0.0000; 0.0891; -0.0043; 0.0062; 0.6176; 2386.29; 216.39; 21639.16; 2386.29; 2.16; 21639.16; 0.0000; 0.0000; 0.0000; 1.0000; 0.0000; 0.0000; 0.00; 0.00; 0.00; 0.00; 0.00; 0.00; 0.00; 0.00; 0.00; 0; 0.0077; 0.0001; 0.9995; 14.4245; 0.0006; 6.2950; 2.4905; 0.0001; 1.1211
33; 1.0000; 0.0000; 0.0000; 0.0000; 0.0891; 0.0073; 0.0061; 0.6105; 2303.45; 208.89; 20889.17; 2303.45; 2.09; 20889.17; 0.0000; 0.0000; 0.0000; 1.0000; 0.0000; 0.0000; 0.00; 0.00; 0.00; 0.00; 0.00; 0.00; 0.00; 0.00; 0.00; 0; 0.0075; 0.0001; 0.9900; 14.5371; 0.0006; 6.3487; 2.4752; 0.0001; 1.1136
34; 1.0000; 0.0000; 0.0000; 0.0000; 0.0891; -0.0155; 0.0063; 0.6271; 2236.57; 204.83; 20482.74; 2236.57; 2.05; 20482.74; 0.0000; 0.0000; 0.0000; 1.0000; 0.0000; 0.0000; 0.00; 0.00; 0.00; 0.00; 0.00; 0.00; 0.00; 0.00; 0.00; 0; 0.0046; 0.0001; 0.9928; 14.4440; 0.0006; 6.3694; 2.5105; 0.0001; 1.1162
35; 1.0000; 0.0000; 0.0000; 0.0000; 0.0891; -0.0102; 0.0063; 0.6282; 2275.60; 211.55; 21155.33; 2275.60; 2.12; 21155.33; 0.0000; 0.0000; 0.0000; 1.0000; 0.0000; 0.0000; 0.00; 0.00; 0.00; 0.00; 0.00; 0.00; 0.00; 0.00; 0.00; 0; -0.0046; 0.0001; 0.9849; 14.5215; 0.0006; 6.3627; 2.4832; 0.0001; 1.1270
36; 1.0000; 0.0000; 0.0000; 0.0000; 0.0891; 0.0090; 0.0061; 0.6065; 2067.40; 180.98; 18097.89; 2067.40; 1.81; 18097.89; 0.0000; 0.0000; 0.0000; 1.0000; 0.0000; 0.0000; 0.00; 0.00; 0.00; 0.00; 0.00; 0.00; 0.00; 0.00; 0.00; 0; -0.0130; 0.0001; 0.9988; 14.4804; 0.0006; 6.3261; 2.5030; 0.0001; 1.1193
37; 1.0000; 0.0000; 0.0000; 0.0000; 0.0891; -0.0092; 0.0063; 0.6289; 2047.05; 178.18; 17817.52; 2047.05; 1.78; 17817.52; 0.0000; 0.0000; 0.0000; 1.0000; 0.0000; 0.0000; 0.00; 0.00; 0.00; 0.00; 0.00; 0.00; 0.00; 0.00; 0.00; 0; 0.0026; 0.0001; 0.9888; 14.4815; 0.0006; 6.3862; 2.4827; 0.0001; 1.1202
38; 1.0000; 0.0000; 0.0000; 0.0000; 0.0891; 0.0060; 0.0061; 0.6093; 2248.42; 204.49; 20449.27; 2248.42; 2.04; 20449.27; 0.0000; 0.0000; 0.0000; 1.0000; 0.0000; 0.0000; 0.00; 0.00; 0.00; 0.00; 0.00; 0.00; 0.00; 0.00; 0.00; 0; 0.0078; 0.0001; 0.9971; 14.4542; 0.0006; 6.3593; 2.4963; 0.0001; 1.1220
39; 1.0000; 0.0000; 0.0000; 0.0000; 0.0891; -0.0029; 0.0062; 0.6161; 2331.28; 214.01; 21400.54; 2331.28; 2.14; 21400.54; 0.0000; 0.0000; 0.0000; 1.0000; 0.0000; 0.0000; 0.00; 0.00; 0.00; 0.00; 0.00; 0.00; 0.00; 0.00; 0.00; 0; -0.0144; 0.0001; 1.0030; 14.4298; 0.0006; 6.3628; 2.4843; 0.0001; 1.1130
40; 1.0000; 0.0000; 0.0000; 0.0000; 0.0891; -0.0061; 0.0063; 0.6268; 2385.67; 222.29; 22229.31; 2385.67; 2.22; 22229.31; 0.0000; 0.0000; 0.0000; 1.0000; 0.0000; 0.0000; 0.00; 0.00; 0.00; 0.00; 0.00; 0.00; 0.00; 0.00; 0.00; 0; -0.0116; 0.0001; 0.9872; 14.5184; 0.0006; 6.3626; 2.5006; 0.0001; 1.1120
41; 1.0000; 0.0000; 0.0000; 0.0000; 0.0891; 0.0000; 0.0062; 0.6235; 2485.18; 240.65; 24065.45; 2485.18; 2.41; 24065.45; 0.0000; 0.0000; 0.0000; 1.0000; 0.0000; 0.0000; 0.00; 0.00; 0.00; 0.00; 0.00; 0.00; 0.00; 0.00; 0.00; 0; -0.0059; 0.0001; 1.0121; 14.4717; 0.0006; 6.3450; 2.4996; 0.0001; 1.1175
42; 1.0000; 0.0000; 0.0000; 0.0000; 0.0891; 0.0105; 0.0061; 0.6114; 2578.84; 241.44; 24143.76; 2578.84; 2.41; 24143.76; 0.0000; 0.0000; 0.0000; 1.0000; 0.0000; 0.0000; 0.00; 0.00; 0.00; 0.00; 0.00; 0.00; 0.00; 0.00; 0.00; 0; -0.0054; 0.0001; 1.0099; 14.6030; 0.0006; 6.3040; 2.4983; 0.0001; 1.1226
43; 1.0000; 0.0000; 0.0000; 0.0000; 0.0891; 0.0068; 0.0062; 0.6246; 2556.88; 230.63; 23063.34; 2556.88; 2.31; 23063.34; 0.0000; 0.0000; 0.0000; 1.0000; 0.0000; 0.0000; 0.00; 0.00; 0.00; 0.00; 0.00; 0.00; 0.00; 0.00; 0.00; 0; -0.0096; 0.0001; 0.9876; 14.4576; 0.0006; 6.4185; 2.5170; 0.0001; 1.1154
44; 1.0000; 0.0000; 0.0000; 0.0000; 0.0891; -0.0021; 0.0062; 0.6228; 2653.32; 239.20; 23919.69; 2653.32; 2.39; 23919.69; 0.0000; 0.0000; 0.0000; 1.0000; 0.0000; 0.0000; 0.00; 0.00; 0.00; 0.00; 0.00; 0.00; 0.00; 0.00; 0.00; 0; 0.0152; 0.0001; 0.9949; 14.4397; 0.0006; 6.3408; 2.5178; 0.0001; 1.1241
45; 1.0000; 0.0000; 0.0000; 0.0000; 0.0891; -0.0021; 0.0062; 0.6203; 2828.07; 264.05; 26405.27; 2828.07; 2.64; 26405.27; 0.0000; 0.0000; 0.0000; 1.0000; 0.0000; 0.0000; 0.00; 0.00; 0.00; 0.00; 0.00; 0.00; 0.00; 0.00; 0.00; 0; 0.0060; 0.0001; 0.9989; 14.4800; 0.0006; 6.2902; 2.4938; 0.0001; 1.1197
46; 1.0000; 0.0000; 0.0000; 0.0000; 0.0891; -0.0050; 0.0062; 0.6205; 2869.30; 274.16; 27416.22; 2869.30; 2.74; 27416.22; 0.0000; 0.0000; 0.0000; 1.0000; 0.0000; 0.0000; 0.00; 0.00; 0.00; 0.00; 0.00; 0.00; 0.00; 0.00; 0.00; 0; 0.0237; 0.0001; 1.0026; 14.5727; 0.0006; 6.3456; 2.5079; 0.0001; 1.1159
47; 1.0000; 0.0000; 0.0000; 0.0000; 0.0891; 0.0046; 0.0061; 0.6133; 2739.07; 245.35; 24534.76; 2739.07; 2.45; 24534.76; 0.0000; 0.0000; 0.0000; 1.0000; 0.0000; 0.0000; 0.00; 0.00; 0.00; 0.00; 0.00; 0.00; 0.00; 0.00; 0.00; 0; -0.0054; 0.0001; 0.9919; 14.4070; 0.0006; 6.3091; 2.5324; 0.0001; 1.1108
48; 1.0000; 0.0000; 0.0000; 0.0000; 0.0891; 0.0042; 0.0062; 0.6209; 2771.43; 258.15; 25815.00; 2771.43; 2.58; 25815.00; 0.0000; 0.0000; 0.0000; 1.0000; 0.0000; 0.0000; 0.00; 0.00; 0.00; 0.00; 0.00; 0.00; 0.00; 0.00; 0.00; 0; -0.0040; 0.0001; 1.0058; 14.4290; 0.0006; 6.3480; 2.5000; 0.0001; 1.1114
49; 1.0000; 0.0000; 0.0000; 0.0000; 0.0891; 0.0006; 0.0062; 0.6164; 2678.66; 241.97; 24196.95; 2678.66; 2.42; 24196.95; 0.0000; 0.0000; 0.0000; 1.0000; 0.0000; 0.0000; 0.00; 0.00; 0.00; 0.00; 0.00; 0.00; 0.00; 0.00; 0.00; 0; -0.0009; 0.0001; 0.9908; 14.4696; 0.0006; 6.3290; 2.5025; 0.0001; 1.1234
50; 1.0000; 0.0000; 0.0000; 0.0000; 0.0891; 0.0045; 0.0061; 0.6139; 2512.85; 219.97; 21997.23; 2512.85; 2.20; 21997.23; 0.0000; 0.0000; 0.0000; 1.0000; 0.0000; 0.0000; 0.00; 0.00; 0.00; 0.00; 0.00; 0.00; 0.00; 0.00; 0.00; 0; -0.0081; 0.0001; 1.0017; 14.5022; 0.0006; 6.3242; 2.5068; 0.0001; 1.1188
Population 2: South Coast
0; 1.0000; 0.0000; 0.0000; 0.0000; 0.0891;      0;      0;      0; 110.00; 0.00; 0.00; 110.00; 0.00; 0.00; 0.0000; 0.0000; 0.0000; 1.0000; 0.0000; 0.0000; 0.00; 0.00; 0.00; 0.00; 0.00; 0.00; 0.00; 0.00; 0.00; 0; -0.0035; 0.0001; 1.0117; 14.4525; 0.0006; 6.3673; 2.5199; 0.0001; 1.1206
1; 1.0000; 0.0000; 0.0000; 0.0000; 0.0891; 0.1729; 0.0060; 0.5995; 152.61; 0.77; 76.75; 152.61; 0.01; 76.75; 0.0000; 0.0000; 0.0000; 1.0000; 0.0000; 0.0000; 0.00; 0.00; 0.00; 0.00; 0.00; 0.00; 0.00; 0.00; 0.00; 0; -0.0025; 0.0001; 1.0020; 14.5472; 0.0006; 6.3343; 2.5035; 0.0001; 1.1205
2; 1.0000; 0.0000; 0.0000; 0.0000; 0.0891; 0.1222; 0.0062; 0.6224; 197.66; 1.45; 145.16; 197.66; 0.01; 145.16; 0.0000; 0.0000; 0.0000; 1.0000; 0.0000; 0.0000; 0.00; 0.00; 0.00; 0.00; 0.00; 0.00; 0.00; 0.00; 0.00; 0; -0.0006; 0.0001; 1.0048; 14.4550; 0.0006; 6.3786; 2.4830; 0.0001; 1.1120
3; 1.0000; 0.0000; 0.0000; 0.0000; 0.0891; 0.1007; 0.0063; 0.6301; 251.78; 2.41; 240.83; 251.78; 0.02; 240.83; 0.0000; 0.0000; 0.0000; 1.0000; 0.0000; 0.0000; 0.00; 0.00; 0.00; 0.00; 0.00; 0.00; 0.00; 0.00; 0.00; 0; -0.0139; 0.0001; 1.0097; 14.4573; 0.0006; 6.3759; 2.5174; 0.0001; 1.1166
4; 0.9999; 0.0001; 0.0001; 0.0001; 0.0891; 0.0612; 0.0064; 0.6436; 309.32; 3.71; 371.08; 309.29; 0.04; 371.07; 0.0000; 0.0000; 0.0000; 1.0000; 0.0000; 0.0000; 0.00; 0.00; 0.00; 0.00; 0.00; 0.00; 4.00; 0.00; 0.00; 0; -0.0035; 0.0001; 1.0013; 14.5898; 0.0006; 6.3601; 2.4923; 0.0001; 1.1230
5; 1.0000; 0.0000; 0.0000; 0.0000; 0.0891; 0.0514; 0.0065; 0.6495; 370.70; 5.20; 520.26; 370.70; 0.05; 520.26; 0.0000; 0.0000; 0.0000; 1.0000; 0.0000; 0.0000; 0.00; 0.00; 0.00; 0.00; 0.00; 0.00; 4.00; 0.00; 0.00; 0; -0.0092; 0.0001; 1.0041; 14.5371; 0.0006; 6.2978; 2.4841; 0.0001; 1.1215
6; 0.9998; 0.0001; 0.0002; 0.0001; 0.0891; 0.0494; 0.0064; 0.6435; 438.81; 6.93; 693.42; 438.72; 0.07; 693.38; 0.0000; 0.0000; 0.0000; 1.0000; 0.0000; 0.0000; 0.00; 0.00; 0.00; 0.00; 0.00; 0.00; 5.33; 0.67; 1.15; 0; -0.0049; 0.0001; 1.0077; 14.5622; 0.0006; 6.2988; 2.4985; 0.0001; 1.1207
7; 1.0000; 0.0000; 0.0000; 0.0000; 0.0891; 0.0502; 0.0064; 0.6419; 521.76; 9.54; 954.23; 521.76; 0.10; 954.23; 0.0000; 0.0000; 0.0000; 1.0000; 0.0000; 0.0000; 0.00; 0.00; 0.00; 0.00; 0.00; 0.00; 5.33; 0.67; 1.15; 0; 0.0044; 0.0001; 1.0130; 14.5916; 0.0006; 6.3697; 2.5102; 0.0001; 1.1275
8; 0.9999; 0.0001; 0.0001; 0.0001; 0.0891; 0.0255; 0.0066; 0.6598; 593.21; 11.49; 1149.17; 593.15; 0.11; 1149.13; 0.0000; 0.0000; 0.0000; 1.0000; 0.0000; 0.0000; 0.00; 0.00; 0.00; 0.00; 0.00; 0.00; 6.00; 0.82; 1.63; 0; 0.0012; 0.0001; 1.0058; 14.6191; 0.0006; 6.3063; 2.4876; 0.0001; 1.1153
9; 0.9998; 0.0001; 0.0002; 0.0001; 0.0891; 0.0224; 0.0066; 0.6606; 671.97; 14.63; 1462.74; 671.84; 0.15; 1462.62; 0.0000; 0.0000; 0.0000; 1.0000; 0.0000; 0.0000; 0.00; 0.00; 0.00; 0.00; 0.00; 0.00; 7.00; 0.82; 2.00; 0; -0.0119; 0.0001; 0.9867; 14.4089; 0.0006; 6.3321; 2.5064; 0.0001; 1.1144
10; 0.9997; 0.0002; 0.0003; 0.0002; 0.0891; 0.0339; 0.0065; 0.6499; 770.60; 19.71; 1970.76; 770.37; 0.20; 1970.51; 0.0000; 0.0000; 0.0000; 1.0000; 0.0000; 0.0000; 0.00; 0.00; 0.00; 0.00; 0.00; 0.00; 8.00; 0.73; 2.18; 0; 0.0104; 0.0001; 0.9958; 14.5883; 0.0006; 6.3551; 2.5013; 0.0001; 1.1207
11; 0.9996; 0.0002; 0.0004; 0.0002; 0.0891; 0.0200; 0.0065; 0.6510; 859.15; 24.27; 2426.07; 858.81; 0.24; 2425.64; 0.0000; 0.0000; 0.0000; 1.0000; 0.0000; 0.0000; 0.00; 0.00; 0.00; 0.00; 0.00; 0.00; 8.92; 0.64; 2.29; 0; 0.0036; 0.0001; 1.0018; 14.5422; 0.0006; 6.4271; 2.5134; 0.0001; 1.1177
12; 0.9996; 0.0002; 0.0003; 0.0002; 0.0891; 0.0154; 0.0065; 0.6539; 968.87; 30.39; 3038.33; 968.48; 0.30; 3037.78; 0.0000; 0.0000; 0.0000; 1.0000; 0.0000; 0.0000; 0.00; 0.00; 0.00; 0.00; 0.00; 0.00; 9.50; 0.60; 2.39; 0; -0.0084; 0.0001; 1.0019; 14.4497; 0.0006; 6.3237; 2.4820; 0.0001; 1.1160
13; 0.9997; 0.0002; 0.0003; 0.0002; 0.0891; 0.0220; 0.0065; 0.6474; 1059.96; 33.78; 3377.87; 1059.64; 0.34; 3377.42; 0.0000; 0.0000; 0.0000; 1.0000; 0.0000; 0.0000; 0.00; 0.00; 0.00; 0.00; 0.00; 0.00; 10.05; 0.58; 2.55; 0; 0.0045; 0.0001; 0.9949; 14.4515; 0.0006; 6.3322; 2.4985; 0.0001; 1.1192
14; 0.9993; 0.0003; 0.0007; 0.0003; 0.0891; 0.0004; 0.0067; 0.6655; 1154.73; 38.82; 3880.57; 1153.92; 0.39; 3879.33; 0.0000; 0.0000; 0.0000; 1.0000; 0.0000; 0.0000; 0.00; 0.00; 0.00; 0.00; 0.00; 0.00; 11.12; 0.55; 2.80; 0; -0.0057; 0.0001; 0.9924; 14.3349; 0.0006; 6.3536; 2.4813; 0.0001; 1.1162
15; 0.9997; 0.0002; 0.0003; 0.0002; 0.0891; 0.0175; 0.0066; 0.6559; 1274.46; 44.59; 4458.54; 1274.07; 0.45; 4457.93; 0.0000; 0.0000; 0.0000; 1.0000; 0.0000; 0.0000; 0.00; 0.00; 0.00; 0.00; 0.00; 0.00; 11.52; 0.54; 2.91; 0; -0.0038; 0.0001; 1.0056; 14.4678; 0.0006; 6.3473; 2.4937; 0.0001; 1.1189
16; 0.9990; 0.0003; 0.0007; 0.0003; 0.0891; 0.0104; 0.0066; 0.6545; 1427.17; 56.73; 5670.33; 1425.75; 0.57; 5667.68; 0.0000; 0.0000; 0.0000; 1.0000; 0.0000; 0.0000; 0.00; 0.00; 0.00; 0.00; 0.00; 0.00; 12.39; 0.53; 3.16; 0; -0.0047; 0.0001; 1.0026; 14.4784; 0.0006; 6.3190; 2.5024; 0.0001; 1.1157
17; 0.9996; 0.0002; 0.0003; 0.0002; 0.0891; 0.0015; 0.0066; 0.6569; 1604.28; 74.61; 7459.15; 1603.64; 0.75; 7457.73; 0.0000; 0.0000; 0.0000; 1.0000; 0.0000; 0.0000; 0.00; 0.00; 0.00; 0.00; 0.00; 0.00; 12.74; 0.53; 3.28; 0; -0.0075; 0.0001; 1.0028; 14.5090; 0.0006; 6.3817; 2.4817; 0.0001; 1.1150
18; 0.9995; 0.0002; 0.0003; 0.0002; 0.0891; 0.0196; 0.0066; 0.6609; 1755.15; 81.74; 8172.40; 1754.28; 0.82; 8170.45; 0.0000; 0.0000; 0.0000; 1.0000; 0.0000; 0.0000; 0.00; 0.00; 0.00; 0.00; 0.00; 0.00; 13.12; 0.53; 3.44; 0; -0.0021; 0.0001; 1.0064; 14.5197; 0.0006; 6.3833; 2.4850; 0.0001; 1.1234
19; 0.9993; 0.0003; 0.0007; 0.0003; 0.0891; 0.0134; 0.0065; 0.6443; 1958.53; 100.27; 10022.99; 1957.16; 1.00; 10019.62; 0.0000; 0.0000; 0.0000; 1.0000; 0.0000; 0.0000; 0.00; 0.00; 0.00; 0.00; 0.00; 0.00; 13.96; 0.54; 3.80; 0; 0.0133; 0.0001; 0.9832; 14.4438; 0.0006; 6.3897; 2.5127; 0.0001; 1.1180
20; 0.9996; 0.0002; 0.0003; 0.0002; 0.0891; -0.0023; 0.0066; 0.6543; 2099.81; 118.71; 11868.50; 2098.97; 1.19; 11866.20; 0.0000; 0.0000; 0.0000; 1.0000; 0.0000; 0.0000; 0.00; 0.00; 0.00; 0.00; 0.00; 0.00; 14.31; 0.55; 3.95; 0; 0.0036; 0.0001; 1.0025; 14.4926; 0.0006; 6.3632; 2.4936; 0.0001; 1.1180
21; 0.9994; 0.0002; 0.0006; 0.0002; 0.0891; 0.0134; 0.0065; 0.6515; 2264.63; 132.23; 13218.87; 2263.27; 1.32; 13215.02; 0.0000; 0.0000; 0.0000; 1.0000; 0.0000; 0.0000; 0.00; 0.00; 0.00; 0.00; 0.00; 0.00; 15.00; 0.56; 4.27; 0; 0.0006; 0.0001; 0.9982; 14.5794; 0.0006; 6.3243; 2.5094; 0.0001; 1.1124
22; 0.9995; 0.0002; 0.0005; 0.0002; 0.0891; 0.0003; 0.0066; 0.6565; 2379.85; 145.84; 14579.93; 2378.67; 1.46; 14576.38; 0.0000; 0.0000; 0.0000; 1.0000; 0.0000; 0.0000; 0.00; 0.00; 0.00; 0.00; 0.00; 0.00; 15.56; 0.57; 4.51; 0; 0.0114; 0.0001; 0.9951; 14.6327; 0.0006; 6.3620; 2.4946; 0.0001; 1.1212
23; 0.9995; 0.0002; 0.0004; 0.0002; 0.0891; 0.0073; 0.0066; 0.6552; 2612.12; 167.75; 16771.02; 2610.81; 1.68; 16766.93; 0.0000; 0.0000; 0.0000; 1.0000; 0.0000; 0.0000; 0.00; 0.00; 0.00; 0.00; 0.00; 0.00; 16.00; 0.58; 4.72; 0; -0.0127; 0.0001; 0.9968; 14.5409; 0.0006; 6.3392; 2.5084; 0.0001; 1.1242
24; 0.9992; 0.0003; 0.0005; 0.0002; 0.0891; -0.0001; 0.0066; 0.6561; 2635.83; 160.09; 16003.01; 2633.72; 1.60; 15996.78; 0.0000; 0.0000; 0.0000; 1.0000; 0.0000; 0.0000; 0.00; 0.00; 0.00; 0.00; 0.00; 0.00; 16.56; 0.59; 4.99; 0; -0.0051; 0.0001; 0.9892; 14.4827; 0.0006; 6.3670; 2.4897; 0.0001; 1.1226
25; 0.9997; 0.0002; 0.0002; 0.0001; 0.0891; 0.0136; 0.0065; 0.6493; 2892.99; 177.14; 17710.89; 2892.13; 1.77; 17708.31; 0.0000; 0.0000; 0.0000; 1.0000; 0.0000; 0.0000; 0.00; 0.00; 0.00; 0.00; 0.00; 0.00; 16.78; 0.59; 5.11; 0; 0.0068; 0.0001; 0.9954; 14.5083; 0.0006; 6.3310; 2.5092; 0.0001; 1.1145
26; 0.9994; 0.0002; 0.0005; 0.0002; 0.0891; 0.0118; 0.0065; 0.6487; 3065.37; 194.45; 19439.33; 3063.53; 1.94; 19433.65; 0.0000; 0.0000; 0.0000; 1.0000; 0.0000; 0.0000; 0.00; 0.00; 0.00; 0.00; 0.00; 0.00; 17.37; 0.61; 5.44; 0; 0.0063; 0.0001; 0.9964; 14.5596; 0.0006; 6.3243; 2.4870; 0.0001; 1.1300
27; 0.9996; 0.0002; 0.0004; 0.0002; 0.0891; -0.0008; 0.0066; 0.6606; 3058.29; 195.38; 19534.12; 3057.06; 1.95; 19530.31; 0.0000; 0.0000; 0.0000; 1.0000; 0.0000; 0.0000; 0.00; 0.00; 0.00; 0.00; 0.00; 0.00; 17.83; 0.63; 5.70; 0; -0.0062; 0.0001; 0.9993; 14.6313; 0.0006; 6.3499; 2.4716; 0.0001; 1.1119
28; 0.9995; 0.0002; 0.0004; 0.0002; 0.0891; 0.0038; 0.0065; 0.6522; 3199.57; 207.96; 20790.42; 3197.97; 2.08; 20785.35; 0.0000; 0.0000; 0.0000; 1.0000; 0.0000; 0.0000; 0.00; 0.00; 0.00; 0.00; 0.00; 0.00; 18.30; 0.64; 5.96; 0; 0.0004; 0.0001; 0.9987; 14.6292; 0.0006; 6.3813; 2.4946; 0.0001; 1.1167
29; 0.9998; 0.0001; 0.0002; 0.0001; 0.0891; 0.0069; 0.0066; 0.6554; 3224.55; 205.89; 20586.84; 3223.90; 2.06; 20584.84; 0.0000; 0.0000; 0.0000; 1.0000; 0.0000; 0.0000; 0.00; 0.00; 0.00; 0.00; 0.00; 0.00; 18.54; 0.65; 6.10; 0; -0.0047; 0.0001; 0.9952; 14.4505; 0.0006; 6.3328; 2.5008; 0.0001; 1.1150
30; 0.9995; 0.0002; 0.0004; 0.0002; 0.0891; 0.0055; 0.0066; 0.6542; 3468.68; 221.35; 22129.51; 3466.95; 2.21; 22124.11; 0.0000; 0.0000; 0.0000; 1.0000; 0.0000; 0.0000; 0.00; 0.00; 0.00; 0.00; 0.00; 0.00; 19.03; 0.66; 6.41; 0; 0.0072; 0.0001; 0.9928; 14.5801; 0.0006; 6.3738; 2.5152; 0.0001; 1.1209
31; 0.9987; 0.0004; 0.0012; 0.0003; 0.0891; 0.0087; 0.0065; 0.6518; 3596.07; 230.69; 23054.46; 3591.40; 2.30; 23039.83; 0.0000; 0.0000; 0.0000; 1.0000; 0.0000; 0.0000; 0.00; 0.00; 0.00; 0.00; 0.00; 0.00; 20.40; 0.70; 7.14; 0; 0.0016; 0.0001; 0.9799; 14.5380; 0.0006; 6.3673; 2.5045; 0.0001; 1.1166
32; 0.9998; 0.0001; 0.0002; 0.0001; 0.0891; 0.0050; 0.0065; 0.6519; 3665.75; 242.65; 24262.49; 3665.01; 2.43; 24260.12; 0.0000; 0.0000; 0.0000; 1.0000; 0.0000; 0.0000; 0.00; 0.00; 0.00; 0.00; 0.00; 0.00; 20.62; 0.70; 7.25; 0; 0.0077; 0.0001; 0.9995; 14.4245; 0.0006; 6.2950; 2.4905; 0.0001; 1.1211
33; 0.9996; 0.0002; 0.0003; 0.0002; 0.0891; 0.0025; 0.0066; 0.6576; 3504.12; 224.19; 22414.54; 3502.72; 2.24; 22410.16; 0.0000; 0.0000; 0.0000; 1.0000; 0.0000; 0.0000; 0.00; 0.00; 0.00; 0.00; 0.00; 0.00; 20.95; 0.71; 7.43; 0; 0.0075; 0.0001; 0.9900; 14.5371; 0.0006; 6.3487; 2.4752; 0.0001; 1.1136
34; 0.9992; 0.0003; 0.0007; 0.0003; 0.0891; -0.0068; 0.0066; 0.6598; 3830.09; 255.65; 25555.02; 3827.03; 2.55; 25545.02; 0.0000; 0.0000; 0.0000; 1.0000; 0.0000; 0.0000; 0.00; 0.00; 0.00; 0.00; 0.00; 0.00; 21.74; 0.73; 7.84; 0; 0.0046; 0.0001; 0.9928; 14.4440; 0.0006; 6.3694; 2.5105; 0.0001; 1.1162
35; 0.9994; 0.0002; 0.0005; 0.0002; 0.0891; -0.0029; 0.0067; 0.6641; 3887.29; 252.96; 25288.47; 3884.96; 2.53; 25281.06; 0.0000; 0.0000; 0.0000; 1.0000; 0.0000; 0.0000; 0.00; 0.00; 0.00; 0.00; 0.00; 0.00; 22.28; 0.74; 8.12; 0; -0.0046; 0.0001; 0.9849; 14.5215; 0.0006; 6.3627; 2.4832; 0.0001; 1.1270
36; 0.9994; 0.0002; 0.0004; 0.0002; 0.0891; 0.0125; 0.0066; 0.6541; 3956.84; 245.60; 24552.43; 3954.47; 2.45; 24545.25; 0.0000; 0.0000; 0.0000; 1.0000; 0.0000; 0.0000; 0.00; 0.00; 0.00; 0.00; 0.00; 0.00; 22.71; 0.74; 8.35; 0; -0.0130; 0.0001; 0.9988; 14.4804; 0.0006; 6.3261; 2.5030; 0.0001; 1.1193
37; 0.9993; 0.0003; 0.0006; 0.0002; 0.0891; 0.0025; 0.0066; 0.6547; 4147.78; 271.27; 27117.02; 4144.88; 2.71; 27107.75; 0.0000; 0.0000; 0.0000; 1.0000; 0.0000; 0.0000; 0.00; 0.00; 0.00; 0.00; 0.00; 0.00; 23.36; 0.76; 8.68; 0; 0.0026; 0.0001; 0.9888; 14.4815; 0.0006; 6.3862; 2.4827; 0.0001; 1.1202
38; 0.9993; 0.0003; 0.0006; 0.0002; 0.0891; -0.0003; 0.0066; 0.6605; 4120.23; 267.99; 26789.90; 4117.35; 2.68; 26780.75; 0.0000; 0.0000; 0.0000; 1.0000; 0.0000; 0.0000; 0.00; 0.00; 0.00; 0.00; 0.00; 0.00; 24.00; 0.77; 9.00; 0; 0.0078; 0.0001; 0.9971; 14.4542; 0.0006; 6.3593; 2.4963; 0.0001; 1.1220
39; 0.9994; 0.0002; 0.0004; 0.0002; 0.0891; -0.0076; 0.0066; 0.6634; 4374.27; 300.79; 30069.84; 4371.65; 3.01; 30061.01; 0.0000; 0.0000; 0.0000; 1.0000; 0.0000; 0.0000; 0.00; 0.00; 0.00; 0.00; 0.00; 0.00; 24.42; 0.77; 9.22; 0; -0.0144; 0.0001; 1.0030; 14.4298; 0.0006; 6.3628; 2.4843; 0.0001; 1.1130
40; 0.9996; 0.0002; 0.0002; 0.0001; 0.0891; 0.0012; 0.0066; 0.6603; 4403.42; 306.93; 30687.31; 4401.66; 3.07; 30681.30; 0.0000; 0.0000; 0.0000; 1.0000; 0.0000; 0.0000; 0.00; 0.00; 0.00; 0.00; 0.00; 0.00; 24.64; 0.78; 9.33; 0; -0.0116; 0.0001; 0.9872; 14.5184; 0.0006; 6.3626; 2.5006; 0.0001; 1.1120
41; 0.9993; 0.0003; 0.0005; 0.0002; 0.0891; 0.0126; 0.0065; 0.6524; 4504.46; 301.62; 30151.31; 4501.30; 3.01; 30140.99; 0.0000; 0.0000; 0.0000; 1.0000; 0.0000; 0.0000; 0.00; 0.00; 0.00; 0.00; 0.00; 0.00; 25.19; 0.79; 9.64; 0; -0.0059; 0.0001; 1.0121; 14.4717; 0.0006; 6.3450; 2.4996; 0.0001; 1.1175
42; 0.9995; 0.0002; 0.0004; 0.0002; 0.0891; 0.0076; 0.0066; 0.6578; 4466.95; 281.08; 28101.11; 4464.72; 2.81; 28094.26; 0.0000; 0.0000; 0.0000; 1.0000; 0.0000; 0.0000; 0.00; 0.00; 0.00; 0.00; 0.00; 0.00; 25.63; 0.80; 9.89; 0; -0.0054; 0.0001; 1.0099; 14.6030; 0.0006; 6.3040; 2.4983; 0.0001; 1.1226
43; 0.9992; 0.0003; 0.0006; 0.0002; 0.0891; 0.0145; 0.0066; 0.6609; 4669.32; 303.54; 30342.07; 4665.59; 3.03; 30330.22; 0.0000; 0.0000; 0.0000; 1.0000; 0.0000; 0.0000; 0.00; 0.00; 0.00; 0.00; 0.00; 0.00; 26.28; 0.81; 10.25; 0; -0.0096; 0.0001; 0.9876; 14.4576; 0.0006; 6.4185; 2.5170; 0.0001; 1.1154
44; 0.9992; 0.0003; 0.0008; 0.0003; 0.0891; 0.0030; 0.0066; 0.6569; 4807.38; 315.26; 31513.62; 4803.54; 3.15; 31501.31; 0.0000; 0.0000; 0.0000; 1.0000; 0.0000; 0.0000; 0.00; 0.00; 0.00; 0.00; 0.00; 0.00; 27.13; 0.83; 10.69; 0; 0.0152; 0.0001; 0.9949; 14.4397; 0.0006; 6.3408; 2.5178; 0.0001; 1.1241
45; 0.9994; 0.0002; 0.0005; 0.0002; 0.0891; 0.0061; 0.0066; 0.6566; 4841.58; 313.36; 31326.38; 4838.67; 3.13; 31317.21; 0.0000; 0.0000; 0.0000; 1.0000; 0.0000; 0.0000; 0.00; 0.00; 0.00; 0.00; 0.00; 0.00; 27.65; 0.84; 10.96; 0; 0.0060; 0.0001; 0.9989; 14.4800; 0.0006; 6.2902; 2.4938; 0.0001; 1.1197
46; 0.9992; 0.0003; 0.0007; 0.0003; 0.0891; -0.0035; 0.0067; 0.6648; 4974.86; 321.91; 32178.38; 4970.88; 3.22; 32165.81; 0.0000; 0.0000; 0.0000; 1.0000; 0.0000; 0.0000; 0.00; 0.00; 0.00; 0.00; 0.00; 0.00; 28.37; 0.85; 11.32; 0; 0.0237; 0.0001; 1.0026; 14.5727; 0.0006; 6.3456; 2.5079; 0.0001; 1.1159
47; 0.9992; 0.0003; 0.0005; 0.0002; 0.0891; 0.0021; 0.0066; 0.6586; 5156.04; 332.60; 33246.89; 5151.92; 3.32; 33233.90; 0.0000; 0.0000; 0.0000; 1.0000; 0.0000; 0.0000; 0.00; 0.00; 0.00; 0.00; 0.00; 0.00; 28.88; 0.85; 11.57; 0; -0.0054; 0.0001; 0.9919; 14.4070; 0.0006; 6.3091; 2.5324; 0.0001; 1.1108
48; 0.9990; 0.0003; 0.0006; 0.0002; 0.0891; 0.0100; 0.0066; 0.6601; 5189.48; 340.13; 33995.93; 5184.29; 3.40; 33979.32; 0.0000; 0.0000; 0.0000; 1.0000; 0.0000; 0.0000; 0.00; 0.00; 0.00; 0.00; 0.00; 0.00; 29.48; 0.86; 11.87; 0; -0.0040; 0.0001; 1.0058; 14.4290; 0.0006; 6.3480; 2.5000; 0.0001; 1.1114
49; 0.9996; 0.0002; 0.0004; 0.0002; 0.0891; 0.0076; 0.0065; 0.6526; 5358.31; 350.17; 35009.65; 5356.16; 3.50; 35002.81; 0.0000; 0.0000; 0.0000; 1.0000; 0.0000; 0.0000; 0.00; 0.00; 0.00; 0.00; 0.00; 0.00; 29.88; 0.87; 12.07; 0; -0.0009; 0.0001; 0.9908; 14.4696; 0.0006; 6.3290; 2.5025; 0.0001; 1.1234
50; 0.9994; 0.0002; 0.0006; 0.0002; 0.0891; 0.0054; 0.0066; 0.6561; 5282.56; 342.71; 34260.26; 5279.39; 3.43; 34250.22; 0.0000; 0.0000; 0.0000; 1.0000; 0.0000; 0.0000; 0.00; 0.00; 0.00; 0.00; 0.00; 0.00; 30.49; 0.87; 12.37; 0; -0.0081; 0.0001; 1.0017; 14.5022; 0.0006; 6.3242; 2.5068; 0.0001; 1.1188
Population 3: RWA
0; 1.0000; 0.0000; 0.0000; 0.0000; 0.5247;      0;      0;      0; 0.00; 0.00; 0.00; 0.00; 0.00; 0.00; 0.0000; 0.0000; 0.0000; 1.0000; 0.0000; 0.0000; 0.00; 0.00; 0.00; 0.00; 0.00; 0.00; 0.00; 0.00; 0.00; 0; -0.0035; 0.0001; 1.0117; 14.4525; 0.0006; 6.3673; 2.5199; 0.0001; 1.1206
1; 0.0000; 0.0000; 1.0000; 0.0000; 0.5247;      0;      0;      0; 0.00; 0.00; 0.00; 0.00; 0.00; 0.00; 0.0000; 0.0000; 0.0000; 1.0000; 0.0000; 0.0000; 0.00; 0.00; 0.00; 0.00; 0.00; 0.00; 1.00; 0.00; 0.00; 1; -0.0025; 0.0001; 1.0020; 14.5472; 0.0006; 6.3343; 2.5035; 0.0001; 1.1205
2; 0.0000; 0.0000; 0.0000; 0.0000; 0.5247;      0;      0;      0; 0.00; 0.00; 0.00; 0.00; 0.00; 0.00; 0.0000; 0.0000; 0.0000; 1.0000; 0.0000; 0.0000; 0.00; 0.00; 0.00; 0.00; 0.00; 0.00; 1.00; 0.00; 0.00; 1; -0.0006; 0.0001; 1.0048; 14.4550; 0.0006; 6.3786; 2.4830; 0.0001; 1.1120
3; 0.0004; 0.0002; 0.0000; 0.0000; 0.5247;      0;      0;      0; 105.25; 17.09; 34.19; 0.04; 0.00; 2.19; 0.0000; 0.0000; 0.0000; 1.0000; 0.0000; 0.0000; 0.00; 0.00; 0.00; 0.00; 0.00; 0.00; 1.00; 0.00; 0.00; 1; -0.0139; 0.0001; 1.0097; 14.4573; 0.0006; 6.3759; 2.5174; 0.0001; 1.1166
4; 0.0071; 0.0008; 0.0000; 0.0000; 0.5247; 1.0055; 0.3140; 0.6280; 124.83; 9.97; 84.01; 0.89; 0.00; 12.62; 0.0000; 0.0000; 0.0000; 1.0000; 0.0000; 0.0000; 0.00; 0.00; 0.00; 0.00; 0.00; 0.00; 1.00; 0.00; 0.00; 1; -0.0035; 0.0001; 1.0013; 14.5898; 0.0006; 6.3601; 2.4923; 0.0001; 1.1230
5; 0.0235; 0.0015; 0.0000; 0.0000; 0.5247; 0.8570; 0.0635; 0.5350; 177.04; 9.97; 152.83; 4.16; 0.00; 35.58; 0.0000; 0.0000; 0.0000; 1.0000; 0.0000; 0.0000; 0.00; 0.00; 0.00; 0.00; 0.00; 0.00; 1.00; 0.00; 0.00; 1; -0.0092; 0.0001; 1.0041; 14.5371; 0.0006; 6.2978; 2.4841; 0.0001; 1.1215
6; 0.0439; 0.0020; 0.0000; 0.0000; 0.5247; 0.7993; 0.0393; 0.6020; 277.93; 14.11; 295.64; 12.20; 0.01; 84.09; 0.0000; 0.0000; 0.0000; 1.0000; 0.0000; 0.0000; 0.00; 0.00; 0.00; 0.00; 0.00; 0.00; 1.00; 0.00; 0.00; 1; -0.0049; 0.0001; 1.0077; 14.5622; 0.0006; 6.2988; 2.4985; 0.0001; 1.1207
7; 0.0700; 0.0026; 0.0000; 0.0000; 0.5247; 0.6884; 0.0289; 0.6049; 412.60; 20.02; 529.66; 28.88; 0.02; 175.20; 0.0000; 0.0000; 0.0000; 1.0000; 0.0000; 0.0000; 0.00; 0.00; 0.00; 0.00; 0.00; 0.00; 1.00; 0.00; 0.00; 1; 0.0044; 0.0001; 1.0130; 14.5916; 0.0006; 6.3697; 2.5102; 0.0001; 1.1275
8; 0.0956; 0.0029; 0.0000; 0.0000; 0.5247; 0.6841; 0.0210; 0.5544; 635.57; 31.64; 978.20; 60.76; 0.04; 355.42; 0.0000; 0.0000; 0.0000; 1.0000; 0.0000; 0.0000; 0.00; 0.00; 0.00; 0.00; 0.00; 0.00; 1.00; 0.00; 0.00; 1; 0.0012; 0.0001; 1.0058; 14.6191; 0.0006; 6.3063; 2.4876; 0.0001; 1.1153
9; 0.1214; 0.0033; 0.0000; 0.0000; 0.5247; 0.6151; 0.0182; 0.5620; 953.28; 47.65; 1660.32; 115.73; 0.07; 656.78; 0.0000; 0.0000; 0.0000; 1.0000; 0.0000; 0.0000; 0.00; 0.00; 0.00; 0.00; 0.00; 0.00; 1.00; 0.00; 0.00; 1; -0.0119; 0.0001; 0.9867; 14.4089; 0.0006; 6.3321; 2.5064; 0.0001; 1.1144
10; 0.1463; 0.0035; 0.0000; 0.0000; 0.5247; 0.6054; 0.0151; 0.5274; 1443.70; 70.78; 2707.46; 211.21; 0.12; 1154.19; 0.0000; 0.0000; 0.0000; 1.0000; 0.0000; 0.0000; 0.00; 0.00; 0.00; 0.00; 0.00; 0.00; 1.00; 0.00; 0.00; 1; 0.0104; 0.0001; 0.9958; 14.5883; 0.0006; 6.3551; 2.5013; 0.0001; 1.1207
11; 0.1709; 0.0038; 0.0000; 0.0000; 0.5247; 0.5632; 0.0130; 0.4955; 2183.42; 112.11; 4634.60; 373.15; 0.21; 2084.38; 0.0000; 0.0000; 0.0000; 1.0000; 0.0000; 0.0000; 0.00; 0.00; 0.00; 0.00; 0.00; 0.00; 1.00; 0.00; 0.00; 1; 0.0036; 0.0001; 1.0018; 14.5422; 0.0006; 6.4271; 2.5134; 0.0001; 1.1177
12; 0.1931; 0.0039; 0.0000; 0.0000; 0.5247; 0.5673; 0.0119; 0.4938; 3399.42; 182.28; 8010.14; 656.43; 0.38; 3766.34; 0.0000; 0.0000; 0.0000; 1.0000; 0.0000; 0.0000; 0.00; 0.00; 0.00; 0.00; 0.00; 0.00; 1.00; 0.00; 0.00; 1; -0.0084; 0.0001; 1.0019; 14.4497; 0.0006; 6.3237; 2.4820; 0.0001; 1.1160
13; 0.2149; 0.0041; 0.0000; 0.0000; 0.5247; 0.5453; 0.0112; 0.4921; 5239.37; 300.04; 13909.18; 1125.94; 0.68; 6796.50; 0.0000; 0.0000; 0.0000; 1.0000; 0.0000; 0.0000; 0.00; 0.00; 0.00; 0.00; 0.00; 0.00; 1.00; 0.00; 0.00; 1; 0.0045; 0.0001; 0.9949; 14.4515; 0.0006; 6.3322; 2.4985; 0.0001; 1.1192
14; 0.2341; 0.0042; 0.0000; 0.0000; 0.5247; 0.5268; 0.0106; 0.4912; 8460.52; 566.16; 27392.98; 1980.61; 1.37; 13727.37; 0.0000; 0.0000; 0.0000; 1.0000; 0.0000; 0.0000; 0.00; 0.00; 0.00; 0.00; 0.00; 0.00; 1.00; 0.00; 0.00; 1; -0.0057; 0.0001; 0.9924; 14.3349; 0.0006; 6.3536; 2.4813; 0.0001; 1.1162
15; 0.2498; 0.0043; 0.0000; 0.0000; 0.5247; 0.5308; 0.0100; 0.4860; 13585.79; 962.05; 48083.47; 3393.73; 2.47; 24737.86; 0.0000; 0.0000; 0.0000; 1.0000; 0.0000; 0.0000; 0.00; 0.00; 0.00; 0.00; 0.00; 0.00; 1.00; 0.00; 0.00; 1; -0.0038; 0.0001; 1.0056; 14.4678; 0.0006; 6.3473; 2.4937; 0.0001; 1.1189
16; 0.2644; 0.0044; 0.0000; 0.0000; 0.5247; 0.5067; 0.0093; 0.4625; 21095.79; 1413.86; 72700.71; 5577.73; 3.85; 38517.96; 0.0000; 0.0000; 0.0000; 1.0000; 0.0000; 0.0000; 0.00; 0.00; 0.00; 0.00; 0.00; 0.00; 1.00; 0.00; 0.00; 1; -0.0047; 0.0001; 1.0026; 14.4784; 0.0006; 6.3190; 2.5024; 0.0001; 1.1157
17; 0.2771; 0.0045; 0.0000; 0.0000; 0.5247; 0.4905; 0.0092; 0.4743; 33900.22; 2416.77; 127219.61; 9393.75; 6.87; 68657.68; 0.0000; 0.0000; 0.0000; 1.0000; 0.0000; 0.0000; 0.00; 0.00; 0.00; 0.00; 0.00; 0.00; 1.00; 0.00; 0.00; 1; -0.0075; 0.0001; 1.0028; 14.5090; 0.0006; 6.3817; 2.4817; 0.0001; 1.1150
18; 0.2918; 0.0045; 0.0000; 0.0000; 0.5247; 0.4972; 0.0086; 0.4532; 55374.52; 4335.98; 234223.06; 16158.28; 12.90; 128988.84; 0.0000; 0.0000; 0.0000; 1.0000; 0.0000; 0.0000; 0.00; 0.00; 0.00; 0.00; 0.00; 0.00; 1.00; 0.00; 0.00; 1; -0.0021; 0.0001; 1.0064; 14.5197; 0.0006; 6.3833; 2.4850; 0.0001; 1.1234
19; 0.3053; 0.0046; 0.0000; 0.0000; 0.5247; 0.4872; 0.0085; 0.4592; 92473.92; 7263.12; 401316.37; 28232.29; 22.58; 225771.39; 0.0000; 0.0000; 0.0000; 1.0000; 0.0000; 0.0000; 0.00; 0.00; 0.00; 0.00; 0.00; 0.00; 1.00; 0.00; 0.00; 1; 0.0133; 0.0001; 0.9832; 14.4438; 0.0006; 6.3897; 2.5127; 0.0001; 1.1180
20; 0.3179; 0.0047; 0.0000; 0.0000; 0.5247; 0.4658; 0.0086; 0.4779; 144357.11; 11174.78; 630063.45; 45891.13; 36.15; 361513.50; 0.0000; 0.0000; 0.0000; 1.0000; 0.0000; 0.0000; 0.00; 0.00; 0.00; 0.00; 0.00; 0.00; 1.00; 0.00; 0.00; 1; 0.0036; 0.0001; 1.0025; 14.4926; 0.0006; 6.3632; 2.4936; 0.0001; 1.1180
21; 0.3307; 0.0047; 0.0000; 0.0000; 0.5247; 0.4814; 0.0082; 0.4608; 219345.50; 14983.80; 861666.39; 72537.56; 50.61; 506097.76; 0.0000; 0.0000; 0.0000; 1.0000; 0.0000; 0.0000; 0.00; 0.00; 0.00; 0.00; 0.00; 0.00; 1.00; 0.00; 0.00; 1; 0.0006; 0.0001; 0.9982; 14.5794; 0.0006; 6.3243; 2.5094; 0.0001; 1.1124
22; 0.3435; 0.0047; 0.0000; 0.0000; 0.5247; 0.4762; 0.0079; 0.4542; 320011.85; 19479.79; 1141688.76; 109924.07; 68.61; 686109.77; 0.0000; 0.0000; 0.0000; 1.0000; 0.0000; 0.0000; 0.00; 0.00; 0.00; 0.00; 0.00; 0.00; 1.00; 0.00; 0.00; 1; 0.0114; 0.0001; 0.9951; 14.6327; 0.0006; 6.3620; 2.4946; 0.0001; 1.1212
23; 0.3544; 0.0048; 0.0000; 0.0000; 0.5247; 0.4809; 0.0078; 0.4546; 469415.97; 24856.27; 1479731.04; 166361.02; 90.90; 908997.16; 0.0000; 0.0000; 0.0000; 1.0000; 0.0000; 0.0000; 0.00; 0.00; 0.00; 0.00; 0.00; 0.00; 1.00; 0.00; 0.00; 1; -0.0127; 0.0001; 0.9968; 14.5409; 0.0006; 6.3392; 2.5084; 0.0001; 1.1242
24; 0.3647; 0.0048; 0.0000; 0.0000; 0.5247; 0.4647; 0.0077; 0.4563; 646538.26; 30181.37; 1822664.90; 235792.50; 114.38; 1143775.30; 0.0000; 0.0000; 0.0000; 1.0000; 0.0000; 0.0000; 0.00; 0.00; 0.00; 0.00; 0.00; 0.00; 1.00; 0.00; 0.00; 1; -0.0051; 0.0001; 0.9892; 14.4827; 0.0006; 6.3670; 2.4897; 0.0001; 1.1226
25; 0.3756; 0.0048; 0.0000; 0.0000; 0.5247; 0.4850; 0.0074; 0.4496; 861824.92; 35350.09; 2166472.94; 323701.44; 139.17; 1391701.73; 0.0000; 0.0000; 0.0000; 1.0000; 0.0000; 0.0000; 0.00; 0.00; 0.00; 0.00; 0.00; 0.00; 1.00; 0.00; 0.00; 1; 0.0068; 0.0001; 0.9954; 14.5083; 0.0006; 6.3310; 2.5092; 0.0001; 1.1145
26; 0.3859; 0.0049; 0.0000; 0.0000; 0.5247; 0.4644; 0.0075; 0.4609; 1124604.77; 41059.75; 2550666.82; 433984.98; 167.63; 1676298.39; 0.0000; 0.0000; 0.0000; 1.0000; 0.0000; 0.0000; 0.00; 0.00; 0.00; 0.00; 0.00; 0.00; 1.00; 0.00; 0.00; 1; 0.0063; 0.0001; 0.9964; 14.5596; 0.0006; 6.3243; 2.4870; 0.0001; 1.1300
27; 0.3981; 0.0049; 0.0000; 0.0000; 0.5247; 0.4676; 0.0074; 0.4574; 1437977.51; 46421.23; 2928955.08; 572458.85; 197.74; 1977427.23; 0.0000; 0.0000; 0.0000; 1.0000; 0.0000; 0.0000; 0.00; 0.00; 0.00; 0.00; 0.00; 0.00; 1.00; 0.00; 0.00; 1; -0.0062; 0.0001; 0.9993; 14.6313; 0.0006; 6.3499; 2.4716; 0.0001; 1.1119
28; 0.4073; 0.0049; 0.0000; 0.0000; 0.5247; 0.4534; 0.0075; 0.4702; 1766999.03; 51624.11; 3294653.78; 719698.71; 227.47; 2274710.90; 0.0000; 0.0000; 0.0000; 1.0000; 0.0000; 0.0000; 0.00; 0.00; 0.00; 0.00; 0.00; 0.00; 1.00; 0.00; 0.00; 1; 0.0004; 0.0001; 0.9987; 14.6292; 0.0006; 6.3813; 2.4946; 0.0001; 1.1167
29; 0.4171; 0.0049; 0.0000; 0.0000; 0.5247; 0.4697; 0.0070; 0.4498; 2114798.11; 55855.16; 3607309.17; 882082.29; 255.23; 2552311.81; 0.0000; 0.0000; 0.0000; 1.0000; 0.0000; 0.0000; 0.00; 0.00; 0.00; 0.00; 0.00; 0.00; 1.00; 0.00; 0.00; 1; -0.0047; 0.0001; 0.9952; 14.4505; 0.0006; 6.3328; 2.5008; 0.0001; 1.1150
30; 0.4242; 0.0049; 0.0000; 0.0000; 0.5247; 0.4554; 0.0072; 0.4642; 2458597.15; 59123.02; 3850719.98; 1042936.91; 278.67; 2786717.52; 0.0000; 0.0000; 0.0000; 1.0000; 0.0000; 0.0000; 0.00; 0.00; 0.00; 0.00; 0.00; 0.00; 1.00; 0.00; 0.00; 1; 0.0072; 0.0001; 0.9928; 14.5801; 0.0006; 6.3738; 2.5152; 0.0001; 1.1209
31; 0.4319; 0.0050; 0.0000; 0.0000; 0.5247; 0.4540; 0.0070; 0.4574; 2825722.49; 62270.44; 4092357.11; 1220429.55; 303.18; 3031763.13; 0.0000; 0.0000; 0.0000; 1.0000; 0.0000; 0.0000; 0.00; 0.00; 0.00; 0.00; 0.00; 0.00; 1.00; 0.00; 0.00; 1; 0.0016; 0.0001; 0.9799; 14.5380; 0.0006; 6.3673; 2.5045; 0.0001; 1.1166
32; 0.4388; 0.0050; 0.0000; 0.0000; 0.5247; 0.4511; 0.0069; 0.4538; 3200206.27; 65052.61; 4309213.59; 1404250.51; 326.64; 3266404.78; 0.0000; 0.0000; 0.0000; 1.0000; 0.0000; 0.0000; 0.00; 0.00; 0.00; 0.00; 0.00; 0.00; 1.00; 0.00; 0.00; 1; 0.0077; 0.0001; 0.9995; 14.4245; 0.0006; 6.2950; 2.4905; 0.0001; 1.1211
33; 0.4474; 0.0050; 0.0000; 0.0000; 0.5247; 0.4576; 0.0069; 0.4559; 3575040.99; 67300.41; 4501587.38; 1599473.34; 349.65; 3496470.61; 0.0000; 0.0000; 0.0000; 1.0000; 0.0000; 0.0000; 0.00; 0.00; 0.00; 0.00; 0.00; 0.00; 1.00; 0.00; 0.00; 1; 0.0075; 0.0001; 0.9900; 14.5371; 0.0006; 6.3487; 2.4752; 0.0001; 1.1136
34; 0.4551; 0.0050; 0.0000; 0.0000; 0.5247; 0.4572; 0.0068; 0.4563; 3905897.02; 68553.98; 4624727.00; 1777573.74; 367.64; 3676436.95; 0.0000; 0.0000; 0.0000; 1.0000; 0.0000; 0.0000; 0.00; 0.00; 0.00; 0.00; 0.00; 0.00; 1.00; 0.00; 0.00; 1; 0.0046; 0.0001; 0.9928; 14.4440; 0.0006; 6.3694; 2.5105; 0.0001; 1.1162
35; 0.4618; 0.0050; 0.0000; 0.0000; 0.5247; 0.4562; 0.0067; 0.4543; 4224468.65; 69284.44; 4708284.54; 1950859.62; 383.04; 3830391.45; 0.0000; 0.0000; 0.0000; 1.0000; 0.0000; 0.0000; 0.00; 0.00; 0.00; 0.00; 0.00; 0.00; 1.00; 0.00; 0.00; 1; -0.0046; 0.0001; 0.9849; 14.5215; 0.0006; 6.3627; 2.4832; 0.0001; 1.1270
36; 0.4693; 0.0050; 0.0000; 0.0000; 0.5247; 0.4525; 0.0065; 0.4450; 4538960.80; 69748.88; 4778180.24; 2130134.30; 398.06; 3980579.94; 0.0000; 0.0000; 0.0000; 1.0000; 0.0000; 0.0000; 0.00; 0.00; 0.00; 0.00; 0.00; 0.00; 1.00; 0.00; 0.00; 1; -0.0130; 0.0001; 0.9988; 14.4804; 0.0006; 6.3261; 2.5030; 0.0001; 1.1193
37; 0.4783; 0.0050; 0.0000; 0.0000; 0.5247; 0.4475; 0.0068; 0.4651; 4777008.83; 69712.96; 4821295.05; 2284843.32; 410.02; 4100194.31; 0.0000; 0.0000; 0.0000; 1.0000; 0.0000; 0.0000; 0.00; 0.00; 0.00; 0.00; 0.00; 0.00; 1.00; 0.00; 0.00; 1; 0.0026; 0.0001; 0.9888; 14.4815; 0.0006; 6.3862; 2.4827; 0.0001; 1.1202
38; 0.4867; 0.0050; 0.0000; 0.0000; 0.5247; 0.4605; 0.0065; 0.4497; 5067632.34; 70145.46; 4893619.88; 2466416.66; 425.09; 4250923.40; 0.0000; 0.0000; 0.0000; 1.0000; 0.0000; 0.0000; 0.00; 0.00; 0.00; 0.00; 0.00; 0.00; 1.00; 0.00; 0.00; 1; 0.0078; 0.0001; 0.9971; 14.4542; 0.0006; 6.3593; 2.4963; 0.0001; 1.1220
39; 0.4929; 0.0050; 0.0000; 0.0000; 0.5247; 0.4480; 0.0066; 0.4601; 5295599.67; 69730.37; 4895548.75; 2610201.08; 433.84; 4338427.50; 0.0000; 0.0000; 0.0000; 1.0000; 0.0000; 0.0000; 0.00; 0.00; 0.00; 0.00; 0.00; 0.00; 1.00; 0.00; 0.00; 1; -0.0144; 0.0001; 1.0030; 14.4298; 0.0006; 6.3628; 2.4843; 0.0001; 1.1130
40; 0.4999; 0.0050; 0.0000; 0.0000; 0.5247; 0.4461; 0.0066; 0.4642; 5515705.66; 69432.77; 4909146.97; 2757301.26; 443.31; 4433143.27; 0.0000; 0.0000; 0.0000; 1.0000; 0.0000; 0.0000; 0.00; 0.00; 0.00; 0.00; 0.00; 0.00; 1.00; 0.00; 0.00; 1; -0.0116; 0.0001; 0.9872; 14.5184; 0.0006; 6.3626; 2.5006; 0.0001; 1.1120
41; 0.5081; 0.0050; 0.0000; 0.0000; 0.5247; 0.4622; 0.0063; 0.4479; 5733995.71; 68971.16; 4916342.45; 2913443.22; 452.75; 4527487.64; 0.0000; 0.0000; 0.0000; 1.0000; 0.0000; 0.0000; 0.00; 0.00; 0.00; 0.00; 0.00; 0.00; 1.00; 0.00; 0.00; 1; -0.0059; 0.0001; 1.0121; 14.4717; 0.0006; 6.3450; 2.4996; 0.0001; 1.1175
42; 0.5150; 0.0050; 0.0000; 0.0000; 0.5247; 0.4467; 0.0064; 0.4596; 5926739.25; 68327.02; 4903385.89; 3052270.71; 459.95; 4599523.00; 0.0000; 0.0000; 0.0000; 1.0000; 0.0000; 0.0000; 0.00; 0.00; 0.00; 0.00; 0.00; 0.00; 1.00; 0.00; 0.00; 1; -0.0054; 0.0001; 1.0099; 14.6030; 0.0006; 6.3040; 2.4983; 0.0001; 1.1226
43; 0.5231; 0.0050; 0.0000; 0.0000; 0.5247; 0.4718; 0.0063; 0.4489; 6107557.67; 67622.71; 4890856.28; 3194863.42; 467.10; 4671001.03; 0.0000; 0.0000; 0.0000; 1.0000; 0.0000; 0.0000; 0.00; 0.00; 0.00; 0.00; 0.00; 0.00; 1.00; 0.00; 0.00; 1; -0.0096; 0.0001; 0.9876; 14.4576; 0.0006; 6.4185; 2.5170; 0.0001; 1.1154
44; 0.5292; 0.0050; 0.0000; 0.0000; 0.5247; 0.4591; 0.0062; 0.4468; 6296491.66; 67198.17; 4888407.05; 3332103.39; 474.59; 4745898.35; 0.0000; 0.0000; 0.0000; 1.0000; 0.0000; 0.0000; 0.00; 0.00; 0.00; 0.00; 0.00; 0.00; 1.00; 0.00; 0.00; 1; 0.0152; 0.0001; 0.9949; 14.4397; 0.0006; 6.3408; 2.5178; 0.0001; 1.1241
45; 0.5357; 0.0050; 0.0000; 0.0000; 0.5247; 0.4491; 0.0062; 0.4524; 6442031.71; 66535.76; 4869853.89; 3450996.39; 479.86; 4798579.39; 0.0000; 0.0000; 0.0000; 1.0000; 0.0000; 0.0000; 0.00; 0.00; 0.00; 0.00; 0.00; 0.00; 1.00; 0.00; 0.00; 1; 0.0060; 0.0001; 0.9989; 14.4800; 0.0006; 6.2902; 2.4938; 0.0001; 1.1197
46; 0.5421; 0.0050; 0.0000; 0.0000; 0.5247; 0.4524; 0.0061; 0.4500; 6569039.04; 65669.65; 4835088.07; 3561076.06; 483.58; 4835787.53; 0.0000; 0.0000; 0.0000; 1.0000; 0.0000; 0.0000; 0.00; 0.00; 0.00; 0.00; 0.00; 0.00; 1.00; 0.00; 0.00; 1; 0.0237; 0.0001; 1.0026; 14.5727; 0.0006; 6.3456; 2.5079; 0.0001; 1.1159
47; 0.5487; 0.0050; 0.0000; 0.0000; 0.5247; 0.4504; 0.0061; 0.4466; 6719670.26; 64968.10; 4812465.86; 3687083.07; 488.77; 4887665.22; 0.0000; 0.0000; 0.0000; 1.0000; 0.0000; 0.0000; 0.00; 0.00; 0.00; 0.00; 0.00; 0.00; 1.00; 0.00; 0.00; 1; -0.0054; 0.0001; 0.9919; 14.4070; 0.0006; 6.3091; 2.5324; 0.0001; 1.1108
48; 0.5546; 0.0050; 0.0000; 0.0000; 0.5247; 0.4565; 0.0059; 0.4404; 6862801.79; 64088.32; 4772751.48; 3806109.87; 492.62; 4926212.99; 0.0000; 0.0000; 0.0000; 1.0000; 0.0000; 0.0000; 0.00; 0.00; 0.00; 0.00; 0.00; 0.00; 1.00; 0.00; 0.00; 1; -0.0040; 0.0001; 1.0058; 14.4290; 0.0006; 6.3480; 2.5000; 0.0001; 1.1114
49; 0.5621; 0.0050; 0.0000; 0.0000; 0.5247; 0.4484; 0.0061; 0.4577; 6958248.78; 63549.74; 4764535.25; 3911231.64; 496.77; 4967686.09; 0.0000; 0.0000; 0.0000; 1.0000; 0.0000; 0.0000; 0.00; 0.00; 0.00; 0.00; 0.00; 0.00; 1.00; 0.00; 0.00; 1; -0.0009; 0.0001; 0.9908; 14.4696; 0.0006; 6.3290; 2.5025; 0.0001; 1.1234
50; 0.5692; 0.0050; 0.0000; 0.0000; 0.5247; 0.4580; 0.0060; 0.4484; 7053817.20; 62780.83; 4736521.41; 4015032.75; 499.71; 4997085.85; 0.0000; 0.0000; 0.0000; 1.0000; 0.0000; 0.0000; 0.00; 0.00; 0.00; 0.00; 0.00; 0.00; 1.00; 0.00; 0.00; 1; -0.0081; 0.0001; 1.0017; 14.5022; 0.0006; 6.3242; 2.5068; 0.0001; 1.1188
Metapopulation
0; 1.0000; 0.0000; 0.0000; 0.0000; 0.4791;      0;      0;      0; 742.00; 0.00; 0.00; 742.00; 0.00; 0.00; 0.0000; 0.0000; 0.0000; 1.0000; 0.0000; 0.0000; 0.00; 0.00; 0.00; 0.00; 0.00; 0.00; 0.00; 0.00; 0.00; 0; -0.0035; 0.0001; 1.0117; 14.4525; 0.0006; 6.3673; 2.5199; 0.0001; 1.1206
1; 1.0000; 0.0000; 0.0000; 0.0000; 0.4791; -0.0521; 0.0061; 0.6077; 825.81; 4.21; 420.55; 825.81; 0.04; 420.55; 0.0000; 0.0000; 0.0000; 1.0000; 0.0000; 0.0000; 0.00; 0.00; 0.00; 0.00; 0.00; 0.00; 0.00; 0.00; 0.00; 0; -0.0025; 0.0001; 1.0020; 14.5472; 0.0006; 6.3343; 2.5035; 0.0001; 1.1205
2; 1.0000; 0.0000; 0.0000; 0.0000; 0.4791; -0.0494; 0.0059; 0.5950; 903.10; 6.75; 675.03; 903.10; 0.07; 675.03; 0.0000; 0.0000; 0.0000; 1.0000; 0.0000; 0.0000; 0.00; 0.00; 0.00; 0.00; 0.00; 0.00; 0.00; 0.00; 0.00; 0; -0.0006; 0.0001; 1.0048; 14.4550; 0.0006; 6.3786; 2.4830; 0.0001; 1.1120
3; 1.0000; 0.0000; 0.0000; 0.0000; 0.4791; -0.0345; 0.0058; 0.5794; 993.12; 9.54; 954.05; 993.12; 0.10; 954.05; 0.0000; 0.0000; 0.0000; 1.0000; 0.0000; 0.0000; 0.00; 0.00; 0.00; 0.00; 0.00; 0.00; 0.00; 0.00; 0.00; 0; -0.0139; 0.0001; 1.0097; 14.4573; 0.0006; 6.3759; 2.5174; 0.0001; 1.1166
4; 1.0000; 0.0000; 0.0000; 0.0000; 0.4791; -0.0310; 0.0058; 0.5775; 1093.53; 13.14; 1314.30; 1093.53; 0.13; 1314.30; 0.0000; 0.0000; 0.0000; 1.0000; 0.0000; 0.0000; 0.00; 0.00; 0.00; 0.00; 0.00; 0.00; 0.00; 0.00; 0.00; 0; -0.0035; 0.0001; 1.0013; 14.5898; 0.0006; 6.3601; 2.4923; 0.0001; 1.1230
5; 1.0000; 0.0000; 0.0000; 0.0000; 0.4791; -0.0204; 0.0057; 0.5737; 1199.15; 16.88; 1688.16; 1199.15; 0.17; 1688.16; 0.0000; 0.0000; 0.0000; 1.0000; 0.0000; 0.0000; 0.00; 0.00; 0.00; 0.00; 0.00; 0.00; 0.00; 0.00; 0.00; 0; -0.0092; 0.0001; 1.0041; 14.5371; 0.0006; 6.2978; 2.4841; 0.0001; 1.1215
6; 1.0000; 0.0000; 0.0000; 0.0000; 0.4791; -0.0190; 0.0057; 0.5673; 1315.98; 21.43; 2142.52; 1315.98; 0.21; 2142.52; 0.0000; 0.0000; 0.0000; 1.0000; 0.0000; 0.0000; 0.00; 0.00; 0.00; 0.00; 0.00; 0.00; 0.00; 0.00; 0.00; 0; -0.0049; 0.0001; 1.0077; 14.5622; 0.0006; 6.2988; 2.4985; 0.0001; 1.1207
7; 1.0000; 0.0000; 0.0000; 0.0000; 0.4791; -0.0032; 0.0056; 0.5579; 1475.31; 27.95; 2795.35; 1475.31; 0.28; 2795.35; 0.0000; 0.0000; 0.0000; 1.0000; 0.0000; 0.0000; 0.00; 0.00; 0.00; 0.00; 0.00; 0.00; 0.00; 0.00; 0.00; 0; 0.0044; 0.0001; 1.0130; 14.5916; 0.0006; 6.3697; 2.5102; 0.0001; 1.1275
8; 1.0000; 0.0000; 0.0000; 0.0000; 0.4791; -0.0108; 0.0057; 0.5672; 1629.55; 35.30; 3530.47; 1629.55; 0.35; 3530.47; 0.0000; 0.0000; 0.0000; 1.0000; 0.0000; 0.0000; 0.00; 0.00; 0.00; 0.00; 0.00; 0.00; 0.00; 0.00; 0.00; 0; 0.0012; 0.0001; 1.0058; 14.6191; 0.0006; 6.3063; 2.4876; 0.0001; 1.1153
9; 1.0000; 0.0000; 0.0000; 0.0000; 0.4791; 0.0022; 0.0056; 0.5635; 1791.10; 40.94; 4094.24; 1791.10; 0.41; 4094.24; 0.0000; 0.0000; 0.0000; 1.0000; 0.0000; 0.0000; 0.00; 0.00; 0.00; 0.00; 0.00; 0.00; 0.00; 0.00; 0.00; 0; -0.0119; 0.0001; 0.9867; 14.4089; 0.0006; 6.3321; 2.5064; 0.0001; 1.1144
10; 1.0000; 0.0000; 0.0000; 0.0000; 0.4791; 0.0135; 0.0055; 0.5483; 2052.79; 55.59; 5558.66; 2052.79; 0.56; 5558.66; 0.0000; 0.0000; 0.0000; 1.0000; 0.0000; 0.0000; 0.00; 0.00; 0.00; 0.00; 0.00; 0.00; 0.00; 0.00; 0.00; 0; 0.0104; 0.0001; 0.9958; 14.5883; 0.0006; 6.3551; 2.5013; 0.0001; 1.1207
11; 1.0000; 0.0000; 0.0000; 0.0000; 0.4791; 0.0209; 0.0055; 0.5455; 2337.83; 69.74; 6973.89; 2337.83; 0.70; 6973.89; 0.0000; 0.0000; 0.0000; 1.0000; 0.0000; 0.0000; 0.00; 0.00; 0.00; 0.00; 0.00; 0.00; 0.00; 0.00; 0.00; 0; 0.0036; 0.0001; 1.0018; 14.5422; 0.0006; 6.4271; 2.5134; 0.0001; 1.1177
12; 1.0000; 0.0000; 0.0000; 0.0000; 0.4791; 0.0263; 0.0055; 0.5450; 2791.66; 89.56; 8955.61; 2791.66; 0.90; 8955.61; 0.0000; 0.0000; 0.0000; 1.0000; 0.0000; 0.0000; 0.00; 0.00; 0.00; 0.00; 0.00; 0.00; 0.00; 0.00; 0.00; 0; -0.0084; 0.0001; 1.0019; 14.4497; 0.0006; 6.3237; 2.4820; 0.0001; 1.1160
13; 1.0000; 0.0000; 0.0000; 0.0000; 0.4791; 0.0425; 0.0054; 0.5369; 3402.45; 117.11; 11711.00; 3402.45; 1.17; 11711.00; 0.0000; 0.0000; 0.0000; 1.0000; 0.0000; 0.0000; 0.00; 0.00; 0.00; 0.00; 0.00; 0.00; 0.00; 0.00; 0.00; 0; 0.0045; 0.0001; 0.9949; 14.4515; 0.0006; 6.3322; 2.4985; 0.0001; 1.1192
14; 1.0000; 0.0000; 0.0000; 0.0000; 0.4791; 0.0422; 0.0055; 0.5480; 4409.69; 182.27; 18227.14; 4409.69; 1.82; 18227.14; 0.0000; 0.0000; 0.0000; 1.0000; 0.0000; 0.0000; 0.00; 0.00; 0.00; 0.00; 0.00; 0.00; 0.00; 0.00; 0.00; 0; -0.0057; 0.0001; 0.9924; 14.3349; 0.0006; 6.3536; 2.4813; 0.0001; 1.1162
15; 1.0000; 0.0000; 0.0000; 0.0000; 0.4791; 0.0611; 0.0054; 0.5439; 6037.36; 295.97; 29596.56; 6037.36; 2.96; 29596.56; 0.0000; 0.0000; 0.0000; 1.0000; 0.0000; 0.0000; 0.00; 0.00; 0.00; 0.00; 0.00; 0.00; 0.00; 0.00; 0.00; 0; -0.0038; 0.0001; 1.0056; 14.4678; 0.0006; 6.3473; 2.4937; 0.0001; 1.1189
16; 1.0000; 0.0000; 0.0000; 0.0000; 0.4791; 0.0619; 0.0054; 0.5429; 8465.25; 450.31; 45030.66; 8465.25; 4.50; 45030.66; 0.0000; 0.0000; 0.0000; 1.0000; 0.0000; 0.0000; 0.00; 0.00; 0.00; 0.00; 0.00; 0.00; 0.00; 0.00; 0.00; 0; -0.0047; 0.0001; 1.0026; 14.4784; 0.0006; 6.3190; 2.5024; 0.0001; 1.1157
17; 1.0000; 0.0000; 0.0000; 0.0000; 0.4791; 0.0730; 0.0054; 0.5351; 12554.94; 753.91; 75391.10; 12554.94; 7.54; 75391.10; 0.0000; 0.0000; 0.0000; 1.0000; 0.0000; 0.0000; 0.00; 0.00; 0.00; 0.00; 0.00; 0.00; 0.00; 0.00; 0.00; 0; -0.0075; 0.0001; 1.0028; 14.5090; 0.0006; 6.3817; 2.4817; 0.0001; 1.1150
18; 1.0000; 0.0000; 0.0000; 0.0000; 0.4791; 0.0983; 0.0054; 0.5403; 19605.39; 1353.58; 135357.88; 19605.39; 13.54; 135357.88; 0.0000; 0.0000; 0.0000; 1.0000; 0.0000; 0.0000; 0.00; 0.00; 0.00; 0.00; 0.00; 0.00; 0.00; 0.00; 0.00; 0; -0.0021; 0.0001; 1.0064; 14.5197; 0.0006; 6.3833; 2.4850; 0.0001; 1.1234
19; 1.0000; 0.0000; 0.0000; 0.0000; 0.4791; 0.0936; 0.0054; 0.5354; 31824.73; 2315.28; 231528.41; 31824.73; 23.15; 231528.41; 0.0000; 0.0000; 0.0000; 1.0000; 0.0000; 0.0000; 0.00; 0.00; 0.00; 0.00; 0.00; 0.00; 0.00; 0.00; 0.00; 0; 0.0133; 0.0001; 0.9832; 14.4438; 0.0006; 6.3897; 2.5127; 0.0001; 1.1180
20; 1.0000; 0.0000; 0.0000; 0.0000; 0.4791; 0.1012; 0.0054; 0.5384; 49746.20; 3678.66; 367865.61; 49746.20; 36.79; 367865.61; 0.0000; 0.0000; 0.0000; 1.0000; 0.0000; 0.0000; 0.00; 0.00; 0.00; 0.00; 0.00; 0.00; 0.00; 0.00; 0.00; 0; 0.0036; 0.0001; 1.0025; 14.4926; 0.0006; 6.3632; 2.4936; 0.0001; 1.1180
21; 1.0000; 0.0000; 0.0000; 0.0000; 0.4791; 0.1213; 0.0053; 0.5349; 76627.44; 5125.92; 512592.17; 76627.44; 51.26; 512592.17; 0.0000; 0.0000; 0.0000; 1.0000; 0.0000; 0.0000; 0.00; 0.00; 0.00; 0.00; 0.00; 0.00; 0.00; 0.00; 0.00; 0; 0.0006; 0.0001; 0.9982; 14.5794; 0.0006; 6.3243; 2.5094; 0.0001; 1.1124
22; 1.0000; 0.0000; 0.0000; 0.0000; 0.4791; 0.1204; 0.0054; 0.5357; 114189.71; 6934.53; 693453.42; 114189.71; 69.35; 693453.42; 0.0000; 0.0000; 0.0000; 1.0000; 0.0000; 0.0000; 0.00; 0.00; 0.00; 0.00; 0.00; 0.00; 0.00; 0.00; 0.00; 0; 0.0114; 0.0001; 0.9951; 14.6327; 0.0006; 6.3620; 2.4946; 0.0001; 1.1212
23; 1.0000; 0.0000; 0.0000; 0.0000; 0.4791; 0.1377; 0.0054; 0.5380; 170993.75; 9177.39; 917738.68; 170993.75; 91.77; 917738.68; 0.0000; 0.0000; 0.0000; 1.0000; 0.0000; 0.0000; 0.00; 0.00; 0.00; 0.00; 0.00; 0.00; 0.00; 0.00; 0.00; 0; -0.0127; 0.0001; 0.9968; 14.5409; 0.0006; 6.3392; 2.5084; 0.0001; 1.1242
24; 1.0000; 0.0000; 0.0000; 0.0000; 0.4791; 0.1347; 0.0054; 0.5422; 240345.19; 11517.19; 1151718.61; 240345.19; 115.17; 1151718.61; 0.0000; 0.0000; 0.0000; 1.0000; 0.0000; 0.0000; 0.00; 0.00; 0.00; 0.00; 0.00; 0.00; 0.00; 0.00; 0.00; 0; -0.0051; 0.0001; 0.9892; 14.4827; 0.0006; 6.3670; 2.4897; 0.0001; 1.1226
25; 1.0000; 0.0000; 0.0000; 0.0000; 0.4791; 0.1470; 0.0054; 0.5382; 328592.78; 14009.27; 1400927.16; 328592.78; 140.09; 1400927.16; 0.0000; 0.0000; 0.0000; 1.0000; 0.0000; 0.0000; 0.00; 0.00; 0.00; 0.00; 0.00; 0.00; 0.00; 0.00; 0.00; 0; 0.0068; 0.0001; 0.9954; 14.5083; 0.0006; 6.3310; 2.5092; 0.0001; 1.1145
26; 1.0000; 0.0000; 0.0000; 0.0000; 0.4791; 0.1513; 0.0054; 0.5366; 439154.56; 16865.24; 1686523.83; 439154.56; 168.65; 1686523.83; 0.0000; 0.0000; 0.0000; 1.0000; 0.0000; 0.0000; 0.00; 0.00; 0.00; 0.00; 0.00; 0.00; 0.00; 0.00; 0.00; 0; 0.0063; 0.0001; 0.9964; 14.5596; 0.0006; 6.3243; 2.4870; 0.0001; 1.1300
27; 1.0000; 0.0000; 0.0000; 0.0000; 0.4791; 0.1644; 0.0053; 0.5343; 577672.21; 19874.56; 1987456.39; 577672.21; 198.75; 1987456.39; 0.0000; 0.0000; 0.0000; 1.0000; 0.0000; 0.0000; 0.00; 0.00; 0.00; 0.00; 0.00; 0.00; 0.00; 0.00; 0.00; 0; -0.0062; 0.0001; 0.9993; 14.6313; 0.0006; 6.3499; 2.4716; 0.0001; 1.1119
28; 1.0000; 0.0000; 0.0000; 0.0000; 0.4791; 0.1585; 0.0054; 0.5371; 725171.84; 22845.85; 2284584.59; 725171.84; 228.46; 2284584.59; 0.0000; 0.0000; 0.0000; 1.0000; 0.0000; 0.0000; 0.00; 0.00; 0.00; 0.00; 0.00; 0.00; 0.00; 0.00; 0.00; 0; 0.0004; 0.0001; 0.9987; 14.6292; 0.0006; 6.3813; 2.4946; 0.0001; 1.1167
29; 1.0000; 0.0000; 0.0000; 0.0000; 0.4791; 0.1789; 0.0054; 0.5355; 887613.85; 25615.64; 2561564.27; 887613.85; 256.16; 2561564.27; 0.0000; 0.0000; 0.0000; 1.0000; 0.0000; 0.0000; 0.00; 0.00; 0.00; 0.00; 0.00; 0.00; 0.00; 0.00; 0.00; 0; -0.0047; 0.0001; 0.9952; 14.4505; 0.0006; 6.3328; 2.5008; 0.0001; 1.1150
30; 1.0000; 0.0000; 0.0000; 0.0000; 0.4791; 0.1717; 0.0054; 0.5389; 1048696.24; 27960.49; 2796049.19; 1048696.24; 279.60; 2796049.19; 0.0000; 0.0000; 0.0000; 1.0000; 0.0000; 0.0000; 0.00; 0.00; 0.00; 0.00; 0.00; 0.00; 0.00; 0.00; 0.00; 0; 0.0072; 0.0001; 0.9928; 14.5801; 0.0006; 6.3738; 2.5152; 0.0001; 1.1209
31; 1.0000; 0.0000; 0.0000; 0.0000; 0.4791; 0.1779; 0.0053; 0.5343; 1226265.20; 30408.15; 3040814.68; 1226265.20; 304.08; 3040814.68; 0.0000; 0.0000; 0.0000; 1.0000; 0.0000; 0.0000; 0.00; 0.00; 0.00; 0.00; 0.00; 0.00; 0.00; 0.00; 0.00; 0; 0.0016; 0.0001; 0.9799; 14.5380; 0.0006; 6.3673; 2.5045; 0.0001; 1.1166
32; 1.0000; 0.0000; 0.0000; 0.0000; 0.4791; 0.1809; 0.0053; 0.5323; 1410301.82; 32758.38; 3275838.09; 1410301.82; 327.58; 3275838.09; 0.0000; 0.0000; 0.0000; 1.0000; 0.0000; 0.0000; 0.00; 0.00; 0.00; 0.00; 0.00; 0.00; 0.00; 0.00; 0.00; 0; 0.0077; 0.0001; 0.9995; 14.4245; 0.0006; 6.2950; 2.4905; 0.0001; 1.1211
33; 1.0000; 0.0000; 0.0000; 0.0000; 0.4791; 0.1955; 0.0053; 0.5330; 1605279.51; 35047.68; 3504768.16; 1605279.51; 350.48; 3504768.16; 0.0000; 0.0000; 0.0000; 1.0000; 0.0000; 0.0000; 0.00; 0.00; 0.00; 0.00; 0.00; 0.00; 0.00; 0.00; 0.00; 0; 0.0075; 0.0001; 0.9900; 14.5371; 0.0006; 6.3487; 2.4752; 0.0001; 1.1136
34; 1.0000; 0.0000; 0.0000; 0.0000; 0.4791; 0.1843; 0.0054; 0.5418; 1783637.34; 36851.03; 3685103.38; 1783637.34; 368.51; 3685103.38; 0.0000; 0.0000; 0.0000; 1.0000; 0.0000; 0.0000; 0.00; 0.00; 0.00; 0.00; 0.00; 0.00; 0.00; 0.00; 0.00; 0; 0.0046; 0.0001; 0.9928; 14.4440; 0.0006; 6.3694; 2.5105; 0.0001; 1.1162
35; 1.0000; 0.0000; 0.0000; 0.0000; 0.4791; 0.1956; 0.0054; 0.5391; 1957020.17; 38388.93; 3838893.27; 1957020.17; 383.89; 3838893.27; 0.0000; 0.0000; 0.0000; 1.0000; 0.0000; 0.0000; 0.00; 0.00; 0.00; 0.00; 0.00; 0.00; 0.00; 0.00; 0.00; 0; -0.0046; 0.0001; 0.9849; 14.5215; 0.0006; 6.3627; 2.4832; 0.0001; 1.1270
36; 1.0000; 0.0000; 0.0000; 0.0000; 0.4791; 0.2036; 0.0053; 0.5323; 2136156.17; 39881.96; 3988196.10; 2136156.17; 398.82; 3988196.10; 0.0000; 0.0000; 0.0000; 1.0000; 0.0000; 0.0000; 0.00; 0.00; 0.00; 0.00; 0.00; 0.00; 0.00; 0.00; 0.00; 0; -0.0130; 0.0001; 0.9988; 14.4804; 0.0006; 6.3261; 2.5030; 0.0001; 1.1193
37; 1.0000; 0.0000; 0.0000; 0.0000; 0.4791; 0.2016; 0.0054; 0.5400; 2291035.25; 41080.56; 4108056.16; 2291035.25; 410.81; 4108056.16; 0.0000; 0.0000; 0.0000; 1.0000; 0.0000; 0.0000; 0.00; 0.00; 0.00; 0.00; 0.00; 0.00; 0.00; 0.00; 0.00; 0; 0.0026; 0.0001; 0.9888; 14.4815; 0.0006; 6.3862; 2.4827; 0.0001; 1.1202
38; 1.0000; 0.0000; 0.0000; 0.0000; 0.4791; 0.2157; 0.0053; 0.5289; 2472782.43; 42588.30; 4258829.60; 2472782.43; 425.88; 4258829.60; 0.0000; 0.0000; 0.0000; 1.0000; 0.0000; 0.0000; 0.00; 0.00; 0.00; 0.00; 0.00; 0.00; 0.00; 0.00; 0.00; 0; 0.0078; 0.0001; 0.9971; 14.4542; 0.0006; 6.3593; 2.4963; 0.0001; 1.1220
39; 1.0000; 0.0000; 0.0000; 0.0000; 0.4791; 0.2069; 0.0054; 0.5373; 2616904.00; 43463.72; 4346372.31; 2616904.00; 434.64; 4346372.31; 0.0000; 0.0000; 0.0000; 1.0000; 0.0000; 0.0000; 0.00; 0.00; 0.00; 0.00; 0.00; 0.00; 0.00; 0.00; 0.00; 0; -0.0144; 0.0001; 1.0030; 14.4298; 0.0006; 6.3628; 2.4843; 0.0001; 1.1130
40; 1.0000; 0.0000; 0.0000; 0.0000; 0.4791; 0.2141; 0.0053; 0.5349; 2764088.60; 44412.65; 4441264.93; 2764088.60; 444.13; 4441264.93; 0.0000; 0.0000; 0.0000; 1.0000; 0.0000; 0.0000; 0.00; 0.00; 0.00; 0.00; 0.00; 0.00; 0.00; 0.00; 0.00; 0; -0.0116; 0.0001; 0.9872; 14.5184; 0.0006; 6.3626; 2.5006; 0.0001; 1.1120
41; 1.0000; 0.0000; 0.0000; 0.0000; 0.4791; 0.2264; 0.0053; 0.5310; 2920429.71; 45355.54; 4535554.07; 2920429.71; 453.56; 4535554.07; 0.0000; 0.0000; 0.0000; 1.0000; 0.0000; 0.0000; 0.00; 0.00; 0.00; 0.00; 0.00; 0.00; 0.00; 0.00; 0.00; 0; -0.0059; 0.0001; 1.0121; 14.4717; 0.0006; 6.3450; 2.4996; 0.0001; 1.1175
42; 1.0000; 0.0000; 0.0000; 0.0000; 0.4791; 0.2224; 0.0053; 0.5321; 3059314.27; 46073.95; 4607395.37; 3059314.27; 460.74; 4607395.37; 0.0000; 0.0000; 0.0000; 1.0000; 0.0000; 0.0000; 0.00; 0.00; 0.00; 0.00; 0.00; 0.00; 0.00; 0.00; 0.00; 0; -0.0054; 0.0001; 1.0099; 14.6030; 0.0006; 6.3040; 2.4983; 0.0001; 1.1226
43; 1.0000; 0.0000; 0.0000; 0.0000; 0.4791; 0.2353; 0.0054; 0.5366; 3202085.88; 46789.68; 4678968.22; 3202085.88; 467.90; 4678968.22; 0.0000; 0.0000; 0.0000; 1.0000; 0.0000; 0.0000; 0.00; 0.00; 0.00; 0.00; 0.00; 0.00; 0.00; 0.00; 0.00; 0; -0.0096; 0.0001; 0.9876; 14.4576; 0.0006; 6.4185; 2.5170; 0.0001; 1.1154
44; 1.0000; 0.0000; 0.0000; 0.0000; 0.4791; 0.2296; 0.0053; 0.5279; 3339560.24; 47537.89; 4753788.67; 3339560.24; 475.38; 4753788.67; 0.0000; 0.0000; 0.0000; 1.0000; 0.0000; 0.0000; 0.00; 0.00; 0.00; 0.00; 0.00; 0.00; 0.00; 0.00; 0.00; 0; 0.0152; 0.0001; 0.9949; 14.4397; 0.0006; 6.3408; 2.5178; 0.0001; 1.1241
45; 1.0000; 0.0000; 0.0000; 0.0000; 0.4791; 0.2313; 0.0053; 0.5293; 3458663.13; 48068.15; 4806815.39; 3458663.13; 480.68; 4806815.39; 0.0000; 0.0000; 0.0000; 1.0000; 0.0000; 0.0000; 0.00; 0.00; 0.00; 0.00; 0.00; 0.00; 0.00; 0.00; 0.00; 0; 0.0060; 0.0001; 0.9989; 14.4800; 0.0006; 6.2902; 2.4938; 0.0001; 1.1197
46; 1.0000; 0.0000; 0.0000; 0.0000; 0.4791; 0.2337; 0.0053; 0.5313; 3568916.24; 48441.24; 4844123.65; 3568916.24; 484.41; 4844123.65; 0.0000; 0.0000; 0.0000; 1.0000; 0.0000; 0.0000; 0.00; 0.00; 0.00; 0.00; 0.00; 0.00; 0.00; 0.00; 0.00; 0; 0.0237; 0.0001; 1.0026; 14.5727; 0.0006; 6.3456; 2.5079; 0.0001; 1.1159
47; 1.0000; 0.0000; 0.0000; 0.0000; 0.4791; 0.2405; 0.0052; 0.5227; 3694974.06; 48956.92; 4895691.65; 3694974.06; 489.57; 4895691.65; 0.0000; 0.0000; 0.0000; 1.0000; 0.0000; 0.0000; 0.00; 0.00; 0.00; 0.00; 0.00; 0.00; 0.00; 0.00; 0.00; 0; -0.0054; 0.0001; 0.9919; 14.4070; 0.0006; 6.3091; 2.5324; 0.0001; 1.1108
48; 1.0000; 0.0000; 0.0000; 0.0000; 0.4791; 0.2468; 0.0053; 0.5279; 3814065.59; 49343.79; 4934378.56; 3814065.59; 493.44; 4934378.56; 0.0000; 0.0000; 0.0000; 1.0000; 0.0000; 0.0000; 0.00; 0.00; 0.00; 0.00; 0.00; 0.00; 0.00; 0.00; 0.00; 0; -0.0040; 0.0001; 1.0058; 14.4290; 0.0006; 6.3480; 2.5000; 0.0001; 1.1114
49; 1.0000; 0.0000; 0.0000; 0.0000; 0.4791; 0.2439; 0.0052; 0.5238; 3919266.46; 49756.61; 4975660.52; 3919266.46; 497.57; 4975660.52; 0.0000; 0.0000; 0.0000; 1.0000; 0.0000; 0.0000; 0.00; 0.00; 0.00; 0.00; 0.00; 0.00; 0.00; 0.00; 0.00; 0; -0.0009; 0.0001; 0.9908; 14.4696; 0.0006; 6.3290; 2.5025; 0.0001; 1.1234
50; 1.0000; 0.0000; 0.0000; 0.0000; 0.4791; 0.2500; 0.0053; 0.5286; 4022824.98; 50043.76; 5004376.12; 4022824.98; 500.44; 5004376.12; 0.0000; 0.0000; 0.0000; 1.0000; 0.0000; 0.0000; 0.00; 0.00; 0.00; 0.00; 0.00; 0.00; 0.00; 0.00; 0.00; 0; -0.0081; 0.0001; 1.0017; 14.5022; 0.0006; 6.3242; 2.5068; 0.0001; 1.1188
